122.5 -6.66667E-7
122.55 -9.33333E-6
122.6 2.73333E-5
122.65 -1.4E-5
122.7 -2.26667E-5
122.75 7.33333E-6
122.8 -1.6E-5
122.85 6.66667E-7
122.9 4E-6
122.95 -3.66667E-5
123 3.66667E-5
123.05 -5E-5
123.1 -2.86667E-5
123.15 -7.33333E-6
123.2 -2.6E-5
123.25 -4.66667E-6
123.3 -1.33333E-6
123.35 3.33333E-6
123.4 1.8E-5
123.45 1.2E-5
123.5 -1.46667E-5
123.55 2.33333E-5
123.6 -4.66667E-6
123.65 3.8E-5
123.7 2.2E-5
123.75 4E-6
123.8 4.73333E-5
123.85 1.8E-5
123.9 -1.46667E-5
123.95 -1.13333E-5
124 1.73333E-5
124.05 2.73333E-5
124.1 4.86667E-5
124.15 3.66667E-5
124.2 2.2E-5
124.25 3.6E-5
124.3 2.8E-5
124.35 6.13333E-5
124.4 9.46667E-5
124.45 1.52E-4
124.5 2.03333E-4
124.55 2.18E-4
124.6 2.78667E-4
124.65 3.32E-4
124.7 2.91333E-4
124.75 1.62667E-4
124.8 7.66667E-5
124.85 -4.86667E-5
124.9 -4.02667E-4
124.95 -6.08667E-4
125 -8.37333E-4
125.05 -9.98667E-4
125.1 -9.56E-4
125.15 -6.93333E-4
125.2 -2.22E-4
125.25 4.32E-4
125.3 0.00106
125.35 0.00153
125.4 0.00162
125.45 0.00123
125.5 4.38667E-4
125.55 -5.38E-4
125.6 -0.00146
125.65 -0.00181
125.7 -0.00159
125.75 -7.48667E-4
125.8 3.06667E-4
125.85 0.00133
125.9 0.0017
125.95 0.00125
126 3.81333E-4
126.05 -7.49333E-4
126.1 -0.00144
126.15 -0.00125
126.2 -5.72667E-4
126.25 3.78E-4
126.3 0.00109
126.35 0.00113
126.4 5.71333E-4
126.45 -1.56667E-4
126.5 -8.08E-4
126.55 -9.19333E-4
126.6 -5.63333E-4
126.65 1.03333E-4
126.7 5.18667E-4
126.75 5.97333E-4
126.8 2.94E-4
126.85 -7.86667E-5
126.9 -4.25333E-4
126.95 -5.01333E-4
127 -1.98667E-4
127.05 9.73333E-5
127.1 2.82E-4
127.15 2.37333E-4
127.2 1.09333E-4
127.25 -1.58E-4
127.3 -2.08E-4
127.35 -1.76667E-4
127.4 2.06667E-5
127.45 1.31333E-4
127.5 1.45333E-4
127.55 3.4E-5
127.6 -5.2E-5
127.65 -8.13333E-5
127.7 -1.05333E-4
127.75 -5.66667E-5
127.8 -2.06667E-5
127.85 9.6E-5
127.9 4.93333E-5
127.95 1.73333E-5
128 -2.53333E-5
128.05 6.66667E-7
128.1 -2.66667E-5
128.15 -3.06667E-5
128.2 -1.4E-5
128.25 2.33333E-5
128.3 -1E-5
128.35 2.26667E-5
128.4 -4.66667E-5
128.45 -1.33333E-5
128.5 -1.33333E-6
128.55 -1.73333E-5
128.6 -9.33333E-6
128.65 -6E-6
128.7 2.66667E-5
128.75 3.73333E-5
128.8 -1.46667E-5
128.85 -6.4E-5
128.9 -3.33333E-5
128.95 -6.26667E-5
129 1E-5
129.05 -7.33333E-6
129.1 2.93333E-5
129.15 4.66667E-5
129.2 -4E-6
129.25 -1.13333E-5
129.3 1.8E-5
129.35 -3.46667E-5
129.4 3.2E-5
129.45 1.86667E-5
129.5 -3.86667E-5
129.55 -8.66667E-6
129.6 3.33333E-6
129.65 -2.46667E-5
129.7 1.13333E-5
129.75 4.33333E-5
129.8 7E-5
129.85 1.06667E-5
129.9 -2.46667E-5
129.95 -2.93333E-5
130 4.13333E-5
130.05 -4.26667E-5
130.1 -1.86667E-5
130.15 -1.73333E-5
130.2 4.66667E-6
130.25 -5.33333E-6
130.3 -3E-5
130.35 -8.66667E-6
130.4 -2.93333E-5
130.45 2.4E-5
130.5 -3.53333E-5
130.55 1.33333E-6
130.6 3.53333E-5
130.65 -2.46667E-5
130.7 -4.66667E-6
130.75 -1.86667E-5
130.8 -3.06667E-5
130.85 2E-5
130.9 1.6E-5
130.95 4.66667E-5
131 -2.66667E-6
131.05 4.8E-5
131.1 6E-6
131.15 2.53333E-5
131.2 -4.66667E-6
131.25 -2.06667E-5
131.3 6.66667E-7
131.35 7.33333E-6
131.4 2.6E-5
131.45 1.33333E-6