120.25 -1.16E-4
120.3 -1.43667E-4
120.35 -9.3E-5
120.4 -9.23333E-5
120.45 -1.53333E-4
120.5 -1.55333E-4
120.55 -1.07333E-4
120.6 -1.38667E-4
120.65 -1.39E-4
120.7 -1.39667E-4
120.75 -1.37667E-4
120.8 -1.32333E-4
120.85 -9.16667E-5
120.9 -5.4E-5
120.95 -6.8E-5
121 -5.13333E-5
121.05 -3E-6
121.1 -3.93333E-5
121.15 2.93333E-5
121.2 5.36667E-5
121.25 5.76667E-5
121.3 1.26667E-4
121.35 1.57E-4
121.4 1.55333E-4
121.45 2.21333E-4
121.5 2.61E-4
121.55 3.53333E-4
121.6 4.32E-4
121.65 4.84E-4
121.7 6.76333E-4
121.75 8E-4
121.8 0.00107
121.85 0.00131
121.9 0.00177
121.95 0.00237
122 0.00309
122.05 0.00404
122.1 0.00531
122.15 0.0068
122.2 0.00844
122.25 0.00995
122.3 0.01115
122.35 0.0117
122.4 0.01114
122.45 0.00889
122.5 0.00492
122.55 -0.00101
122.6 -0.0083
122.65 -0.01635
122.7 -0.02351
122.75 -0.0277
122.8 -0.0284
122.85 -0.02409
122.9 -0.01544
122.95 -0.00314
123 0.00938
123.05 0.01886
123.1 0.02336
123.15 0.02121
123.2 0.01257
123.25 0.00248
123.3 -0.00742
123.35 -0.01263
123.4 -0.01201
123.45 -0.00642
123.5 9.46E-4
123.55 0.00658
123.6 0.00813
123.65 0.00526
123.7 -3.10333E-4
123.75 -0.00516
123.8 -0.00705
123.85 -0.00501
123.9 -5.81E-4
123.95 0.00379
124 0.00571
124.05 0.00448
124.1 0.00141
124.15 -0.00202
124.2 -0.00363
124.25 -0.00313
124.3 -0.00122
124.35 8.5E-4
124.4 0.00188
124.45 0.00142
124.5 1.65667E-4
124.55 -9.90667E-4
124.6 -0.00129
124.65 -7.27333E-4
124.7 2.18667E-4
124.75 8.76333E-4
124.8 8.62E-4
124.85 3.01667E-4
124.9 -3.58333E-4
124.95 -6.84E-4
125 -5.1E-4
125.05 -7.03333E-5
125.1 4.32E-4
125.15 6.37E-4
125.2 4.95333E-4
125.25 1.31333E-4
125.3 -2.77667E-4
125.35 -5.14E-4
125.4 -5.00333E-4
125.45 -3.35E-4
125.5 -1.60333E-4
125.55 8.33333E-6
125.6 1.27667E-4
125.65 1.30333E-4
125.7 4.1E-5
125.75 1.7E-5
125.8 -5.7E-5
125.85 -1.3E-5
125.9 6.33333E-6
125.95 5.43333E-5
126 1.03333E-5
126.05 -4.96667E-5
126.1 -5.43333E-5
126.15 -1.07E-4
126.2 -4.3E-5
126.25 3.8E-5
126.3 1.37333E-4
126.35 2.56667E-4
126.4 2.46333E-4
126.45 8.76667E-5
126.5 -9.33333E-5
126.55 -2.42333E-4
126.6 -2.84667E-4
126.65 -2.80667E-4
126.7 -1.35E-4
126.75 -3.63333E-5
126.8 8.26667E-5
126.85 1.45667E-4
126.9 9.6E-5
126.95 1.59E-4
127 1.38333E-4
127.05 1.18667E-4
127.1 1.08667E-4
127.15 9.16667E-5
127.2 -3.06667E-5
127.25 -8.73333E-5
127.3 -1.26333E-4
127.35 -5.53333E-5
127.4 4E-5
127.45 1.54667E-4
127.5 1.77E-4
127.55 1.51667E-4
127.6 2.06667E-5
127.65 -5.36667E-5
127.7 -1.35E-4
127.75 -1.17333E-4
127.8 -6.7E-5
127.85 3.1E-5
127.9 1.01E-4
127.95 1.08333E-4
128 2.6E-5
128.05 4.33333E-5
128.1 1.7E-5
128.15 6.6E-5
128.2 1.01E-4
128.25 8.63333E-5
128.3 1.15333E-4
128.35 3.3E-5
128.4 -4.2E-5
128.45 -7.43333E-5
128.5 -7.46667E-5
128.55 -3.33333E-5
128.6 4.06667E-5
128.65 7.3E-5
128.7 7.53333E-5
128.75 8.26667E-5
128.8 -1.5E-5
128.85 -9.4E-5
128.9 -1.30667E-4
128.95 -1.38E-4
129 -8.1E-5
129.05 3.76667E-5
129.1 6.83333E-5
129.15 1.00333E-4
129.2 6.06667E-5