	Reference	Reference		Sample	Sample		Phase offset	Phase Diff
Frequency (THz)	Amplitude	Phase	Frequency (THz)	Amplitude	Phase
0	3.25357E-4	0	0	5.90495E-6	0	0	0	0
1.11111E10	3.26478E-4	7.56541	1.11111E10	6.09606E-6	7.82298	0.25757	0.19897	0.0586
2.22222E10	3.29988E-4	15.13037	2.22222E10	6.63071E-6	15.67575	0.54538	0.39794	0.14745
3.33333E10	3.36305E-4	22.69488	3.33333E10	7.41991E-6	23.57143	0.87655	0.5969	0.27964
4.44444E10	3.46034E-4	30.25972	4.44444E10	8.36976E-6	31.50784	1.24812	0.79587	0.45225
5.55556E10	3.59849E-4	37.82652	5.55556E10	9.40435E-6	39.47686	1.65034	0.99484	0.6555
6.66667E10	3.78356E-4	45.39761	6.66667E10	1.04676E-5	47.47024	2.07263	1.19381	0.87882
7.77778E10	4.01974E-4	52.97548	7.77778E10	1.15183E-5	55.48138	2.50591	1.39277	1.11314
8.88889E10	4.30862E-4	60.5623	8.88889E10	1.25253E-5	63.50539	2.94309	1.59174	1.35135
1E11	4.64912E-4	68.15957	1E11	1.3464E-5	71.53871	3.37914	1.79071	1.58843
1.11111E11	5.0379E-4	75.76789	1.11111E11	1.43146E-5	79.57866	3.81077	1.98968	1.82109
1.22222E11	5.46998E-4	83.38715	1.22222E11	1.50614E-5	87.62322	4.23607	2.18864	2.04743
1.33333E11	5.93944E-4	91.01668	1.33333E11	1.56918E-5	95.67074	4.65406	2.38761	2.26645
1.44444E11	6.44002E-4	98.65547	1.44444E11	1.61966E-5	103.71984	5.06437	2.58658	2.47779
1.55556E11	6.96549E-4	106.30239	1.55556E11	1.65699E-5	111.76929	5.4669	2.78555	2.68135
1.66667E11	7.51002E-4	113.9563	1.66667E11	1.68094E-5	119.81795	5.86165	2.98451	2.87714
1.77778E11	8.06832E-4	121.6161	1.77778E11	1.69167E-5	127.86471	6.24861	3.18348	3.06513
1.88889E11	8.63576E-4	129.28082	1.88889E11	1.68974E-5	135.90844	6.62762	3.38245	3.24517
2E11	9.20846E-4	136.9496	2E11	1.67614E-5	143.948	6.9984	3.58142	3.41698
2.11111E11	9.7833E-4	144.62169	2.11111E11	1.65231E-5	151.98217	7.36048	3.78038	3.5801
2.22222E11	0.00104	152.29647	2.22222E11	1.62017E-5	160.0097	7.71323	3.97935	3.73388
2.33333E11	0.00109	159.97343	2.33333E11	1.58211E-5	168.02934	8.05592	4.17832	3.8776
2.44444E11	0.00115	167.65213	2.44444E11	1.54102E-5	176.0399	8.38777	4.37729	4.01048
2.55556E11	0.00121	175.33225	2.55556E11	1.50025E-5	184.04039	8.70814	4.57625	4.13189
2.66667E11	0.00126	183.01352	2.66667E11	1.46354E-5	192.03026	9.01674	4.77522	4.24152
2.77778E11	0.00132	190.69575	2.77778E11	1.43485E-5	200.00965	9.3139	4.97419	4.33971
2.88889E11	0.00137	198.3788	2.88889E11	1.41812E-5	207.97969	9.60089	5.17316	4.42773
3E11	0.00143	206.06256	3E11	1.41691E-5	215.94263	9.88007	5.37212	4.50795
3.11111E11	0.00149	213.74699	3.11111E11	1.43396E-5	223.90172	10.15473	5.57109	4.58364
3.22222E11	0.00154	221.43206	3.22222E11	1.47093E-5	231.86077	10.42871	5.77006	4.65865
3.33333E11	0.0016	229.11775	3.33333E11	1.52821E-5	239.82348	10.70572	5.96903	4.73669
3.44444E11	0.00165	236.80408	3.44444E11	1.60505E-5	247.79282	10.98874	6.16799	4.82075
3.55556E11	0.00171	244.49105	3.55556E11	1.69988E-5	255.77078	11.27972	6.36696	4.91276
3.66667E11	0.00177	252.17869	3.66667E11	1.8106E-5	263.75826	11.57957	6.56593	5.01364
3.77778E11	0.00182	259.867	3.77778E11	1.93493E-5	271.7554	11.8884	6.7649	5.1235
3.88889E11	0.00188	267.556	3.88889E11	2.07054E-5	279.76175	12.20575	6.96386	5.24189
4E11	0.00194	275.24568	4E11	2.21517E-5	287.77658	12.5309	7.16283	5.36807
4.11111E11	0.002	282.93605	4.11111E11	2.3667E-5	295.79904	12.86299	7.3618	5.50119
4.22222E11	0.00206	290.6271	4.22222E11	2.52308E-5	303.82825	13.20115	7.56077	5.64038
4.33333E11	0.00211	298.31881	4.33333E11	2.68234E-5	311.86337	13.54456	7.75973	5.78483
4.44444E11	0.00217	306.01117	4.44444E11	2.84259E-5	319.9036	13.89243	7.9587	5.93373
4.55556E11	0.00223	313.70415	4.55556E11	3.00201E-5	327.9482	14.24405	8.15767	6.08638
4.66667E11	0.00229	321.39774	4.66667E11	3.15887E-5	335.99651	14.59877	8.35664	6.24213
4.77778E11	0.00235	329.09191	4.77778E11	3.31154E-5	344.04788	14.95597	8.5556	6.40037
4.88889E11	0.00241	336.78665	4.88889E11	3.45855E-5	352.10172	15.31507	8.75457	6.5605
5E11	0.00246	344.48195	5E11	3.59863E-5	360.15747	15.67552	8.95354	6.72198
5.11111E11	0.00252	352.17778	5.11111E11	3.73075E-5	368.21459	16.03681	9.15251	6.8843
5.22222E11	0.00258	359.87415	5.22222E11	3.85418E-5	376.2726	16.39844	9.35147	7.04697
5.33333E11	0.00264	367.57105	5.33333E11	3.96854E-5	384.331	16.75995	9.55044	7.20951
5.44444E11	0.0027	375.26848	5.44444E11	4.07381E-5	392.38938	17.1209	9.74941	7.37149
5.55556E11	0.00276	382.96643	5.55556E11	4.17038E-5	400.44732	17.48089	9.94838	7.53251
5.66667E11	0.00282	390.66492	5.66667E11	4.25904E-5	408.50448	17.83956	10.1473	7.69226
5.77778E11	0.00288	398.36394	5.77778E11	4.34096E-5	416.56055	18.19661	10.3463	7.85031
5.88889E11	0.00294	406.0635	5.88889E11	4.41768E-5	424.61532	18.55182	10.5453	8.00652
6E11	0.003	413.76359	6E11	4.49105E-5	432.66863	18.90504	10.7442	8.16084
6.11111E11	0.00306	421.46421	6.11111E11	4.56313E-5	440.7204	19.25619	10.9432	8.31299
6.22222E11	0.00312	429.16537	6.22222E11	4.63616E-5	448.77066	19.6053	11.1422	8.4631
6.33333E11	0.00318	436.86703	6.33333E11	4.7124E-5	456.81953	19.9525	11.3411	8.6114
6.44444E11	0.00324	444.56921	6.44444E11	4.79405E-5	464.8672	20.29799	11.5401	8.75789
6.55556E11	0.00329	452.27186	6.55556E11	4.88316E-5	472.91393	20.64207	11.7391	8.90297
6.66667E11	0.00335	459.97499	6.66667E11	4.98152E-5	480.96005	20.98506	11.9381	9.04696
6.77778E11	0.00341	467.67856	6.77778E11	5.09064E-5	489.00592	21.32736	12.137	9.19036
6.88889E11	0.00347	475.38255	6.88889E11	5.21167E-5	497.05187	21.66933	12.336	9.33333
7E11	0.00352	483.08692	7E11	5.34541E-5	505.09826	22.01134	12.535	9.47634
7.11111E11	0.00358	490.79167	7.11111E11	5.49239E-5	513.14536	22.3537	12.7339	9.6198
7.22222E11	0.00363	498.49675	7.22222E11	5.65286E-5	521.19343	22.69668	12.9329	9.76378
7.33333E11	0.00369	506.20214	7.33333E11	5.82689E-5	529.24262	23.04048	13.1319	9.90858
7.44444E11	0.00374	513.90782	7.44444E11	6.01445E-5	537.29307	23.38526	13.3308	10.05446
7.55556E11	0.0038	521.61377	7.55556E11	6.21544E-5	545.34485	23.73108	13.5298	10.20128
7.66667E11	0.00385	529.31997	7.66667E11	6.42981E-5	553.39797	24.078	13.7288	10.3492
7.77778E11	0.0039	537.02641	7.77778E11	6.65755E-5	561.45244	24.42603	13.9277	10.49833
7.88889E11	0.00395	544.73309	7.88889E11	6.89874E-5	569.50823	24.77514	14.1267	10.64844
8E11	0.004	552.43999	8E11	7.15353E-5	577.56531	25.12532	14.3257	10.79962
8.11111E11	0.00405	560.14714	8.11111E11	7.42215E-5	585.62366	25.47652	14.5246	10.95192
8.22222E11	0.0041	567.85453	8.22222E11	7.70485E-5	593.68326	25.82873	14.7236	11.10513
8.33333E11	0.00415	575.56218	8.33333E11	8.00189E-5	601.74409	26.18192	14.9226	11.25932
8.44444E11	0.0042	583.2701	8.44444E11	8.31344E-5	609.80616	26.53606	15.1215	11.41456
8.55556E11	0.00425	590.97832	8.55556E11	8.63959E-5	617.86948	26.89115	15.3205	11.57065
8.66667E11	0.0043	598.68687	8.66667E11	8.98026E-5	625.93404	27.24717	15.5195	11.72767
8.77778E11	0.00435	606.39576	8.77778E11	9.33517E-5	633.99986	27.6041	15.7184	11.8857
8.88889E11	0.0044	614.10502	8.88889E11	9.70384E-5	642.06696	27.96193	15.9174	12.04453
9E11	0.00445	621.81469	9E11	1.00855E-4	650.13532	28.32063	16.1164	12.20423
9.11111E11	0.0045	629.52478	9.11111E11	1.04793E-4	658.20494	28.68017	16.3153	12.36487
9.22222E11	0.00455	637.23531	9.22222E11	1.08839E-4	666.27581	29.04049	16.5143	12.52619
9.33333E11	0.0046	644.94632	9.33333E11	1.12979E-4	674.34787	29.40155	16.7133	12.68825
9.44444E11	0.00464	652.65781	9.44444E11	1.17199E-4	682.42109	29.76328	16.9122	12.85108
9.55556E11	0.00469	660.3698	9.55556E11	1.21481E-4	690.4954	30.1256	17.1112	13.0144
9.66667E11	0.00474	668.0823	9.66667E11	1.25808E-4	698.57074	30.48844	17.3102	13.17824
9.77778E11	0.00478	675.79531	9.77778E11	1.30162E-4	706.64702	30.85171	17.5091	13.34261
9.88889E11	0.00482	683.50884	9.88889E11	1.34527E-4	714.72417	31.21533	17.7081	13.50723
1E12	0.00487	691.22288	1E12	1.38884E-4	722.8021	31.57922	17.9071	13.67212
1.01111E12	0.00491	698.93743	1.01111E12	1.4322E-4	730.88072	31.94329	18.106	13.83729
1.02222E12	0.00495	706.65248	1.02222E12	1.47521E-4	738.95995	32.30747	18.305	14.00247
1.03333E12	0.00498	714.36802	1.03333E12	1.51775E-4	747.03972	32.67171	18.504	14.16771
1.04444E12	0.00502	722.08402	1.04444E12	1.55972E-4	755.11995	33.03593	18.7029	14.33303
1.05556E12	0.00505	729.80049	1.05556E12	1.60106E-4	763.20058	33.40009	18.9019	14.49819
1.06667E12	0.00508	737.5174	1.06667E12	1.6417E-4	771.28155	33.76415	19.1009	14.66325
1.07778E12	0.00511	745.23473	1.07778E12	1.68162E-4	779.36281	34.12808	19.2999	14.82818
1.08889E12	0.00514	752.95246	1.08889E12	1.72081E-4	787.44433	34.49187	19.4988	14.99307
1.1E12	0.00516	760.67058	1.1E12	1.75928E-4	795.52609	34.85551	19.6978	15.15771
1.11111E12	0.00519	768.38907	1.11111E12	1.79703E-4	803.60806	35.21899	19.8968	15.32219
1.12222E12	0.00521	776.10791	1.12222E12	1.83411E-4	811.69024	35.58233	20.0957	15.48663
1.13333E12	0.00522	783.82708	1.13333E12	1.87055E-4	819.77262	35.94555	20.2947	15.65085
1.14444E12	0.00524	791.54656	1.14444E12	1.9064E-4	827.85521	36.30865	20.4937	15.81495
1.15556E12	0.00525	799.26635	1.15556E12	1.9417E-4	835.93801	36.67166	20.6926	15.97906
1.16667E12	0.00526	806.98641	1.16667E12	1.97651E-4	844.02103	37.03462	20.8916	16.14302
1.17778E12	0.00527	814.70675	1.17778E12	2.01087E-4	852.10429	37.39754	21.0906	16.30694
1.18889E12	0.00528	822.42733	1.18889E12	2.04483E-4	860.18778	37.76045	21.2895	16.47095
1.2E12	0.00528	830.14816	1.2E12	2.07845E-4	868.27153	38.12337	21.4885	16.63487
1.21111E12	0.00528	837.86922	1.21111E12	2.11177E-4	876.35554	38.48633	21.6875	16.79883
1.22222E12	0.00528	845.59049	1.22222E12	2.14484E-4	884.43982	38.84933	21.8864	16.96293
1.23333E12	0.00528	853.31196	1.23333E12	2.17773E-4	892.52436	39.2124	22.0854	17.127
1.24444E12	0.00528	861.03364	1.24444E12	2.21048E-4	900.60918	39.57554	22.2844	17.29114
1.25556E12	0.00527	868.7555	1.25556E12	2.24316E-4	908.69426	39.93877	22.4833	17.45547
1.26667E12	0.00526	876.47754	1.26667E12	2.27585E-4	916.77963	40.30209	22.6823	17.61979
1.27778E12	0.00525	884.19975	1.27778E12	2.3086E-4	924.86526	40.66551	22.8813	17.78421
1.28889E12	0.00524	891.92214	1.28889E12	2.34151E-4	932.95118	41.02905	23.0802	17.94885
1.3E12	0.00523	899.64469	1.3E12	2.37465E-4	941.03739	41.3927	23.2792	18.1135
1.31111E12	0.00522	907.36741	1.31111E12	2.4081E-4	949.12391	41.7565	23.4782	18.2783
1.32222E12	0.0052	915.09031	1.32222E12	2.44193E-4	957.21075	42.12044	23.6771	18.44334
1.33333E12	0.00518	922.81337	1.33333E12	2.47621E-4	965.29793	42.48456	23.8761	18.60846
1.34444E12	0.00517	930.53662	1.34444E12	2.51099E-4	973.38549	42.84888	24.0751	18.77378
1.35556E12	0.00515	938.26004	1.35556E12	2.5463E-4	981.47346	43.21342	24.274	18.93942
1.36667E12	0.00513	945.98366	1.36667E12	2.58216E-4	989.56187	43.57822	24.473	19.10522
1.37778E12	0.00511	953.70747	1.37778E12	2.61856E-4	997.65076	43.94329	24.672	19.27129
1.38889E12	0.00509	961.43148	1.38889E12	2.65545E-4	1005.74016	44.30868	24.8709	19.43778
1.4E12	0.00506	969.1557	1.4E12	2.69276E-4	1013.8301	44.6744	25.0699	19.6045
1.41111E12	0.00504	976.88013	1.41111E12	2.73041E-4	1021.92061	45.04048	25.2689	19.77158
1.42222E12	0.00501	984.60478	1.42222E12	2.76826E-4	1030.01171	45.40692	25.4678	19.93912
1.43333E12	0.00499	992.32965	1.43333E12	2.80619E-4	1038.1034	45.77375	25.6668	20.10695
1.44444E12	0.00496	1000.05475	1.44444E12	2.84403E-4	1046.1957	46.14096	25.8658	20.27516
1.45556E12	0.00494	1007.78006	1.45556E12	2.88163E-4	1054.2886	46.50854	26.0647	20.44384
1.46667E12	0.00491	1015.50559	1.46667E12	2.91882E-4	1062.38207	46.87648	26.2637	20.61278
1.47778E12	0.00488	1023.23134	1.47778E12	2.95545E-4	1070.47609	47.24476	26.4627	20.78206
1.48889E12	0.00485	1030.95729	1.48889E12	2.99138E-4	1078.57063	47.61335	26.6616	20.95175
1.5E12	0.00482	1038.68344	1.5E12	3.0265E-4	1086.66565	47.98221	26.8606	21.12161
1.51111E12	0.00479	1046.40978	1.51111E12	3.06073E-4	1094.7611	48.35132	27.0596	21.29172
1.52222E12	0.00476	1054.13631	1.52222E12	3.09403E-4	1102.85694	48.72063	27.2586	21.46203
1.53333E12	0.00472	1061.86302	1.53333E12	3.1264E-4	1110.95311	49.0901	27.4575	21.6326
1.54444E12	0.00469	1069.5899	1.54444E12	3.15788E-4	1119.0496	49.45969	27.6565	21.80319
1.55556E12	0.00466	1077.31697	1.55556E12	3.18855E-4	1127.14635	49.82938	27.8555	21.97388
1.56667E12	0.00463	1085.04422	1.56667E12	3.21853E-4	1135.24334	50.19912	28.0544	22.14472
1.57778E12	0.0046	1092.77165	1.57778E12	3.24798E-4	1143.34056	50.56891	28.2534	22.31551
1.58889E12	0.00457	1100.49929	1.58889E12	3.27708E-4	1151.43801	50.93871	28.4524	22.48631
1.6E12	0.00454	1108.22716	1.6E12	3.30604E-4	1159.53569	51.30853	28.6513	22.65723
1.61111E12	0.00451	1115.95528	1.61111E12	3.33507E-4	1167.63364	51.67837	28.8503	22.82807
1.62222E12	0.00448	1123.68367	1.62222E12	3.36437E-4	1175.73189	52.04822	29.0493	22.99892
1.63333E12	0.00445	1131.41239	1.63333E12	3.39413E-4	1183.8305	52.41811	29.2482	23.16991
1.64444E12	0.00442	1139.14147	1.64444E12	3.42454E-4	1191.92953	52.78805	29.4472	23.34085
1.65556E12	0.0044	1146.87096	1.65556E12	3.45572E-4	1200.02904	53.15808	29.6462	23.51188
1.66667E12	0.00437	1154.60091	1.66667E12	3.48778E-4	1208.12911	53.52821	29.8451	23.68311
1.67778E12	0.00435	1162.33137	1.67778E12	3.52077E-4	1216.22983	53.89847	30.0441	23.85437
1.68889E12	0.00433	1170.06239	1.68889E12	3.5547E-4	1224.33127	54.26889	30.2431	24.02579
1.7E12	0.00431	1177.79402	1.7E12	3.58953E-4	1232.43351	54.63949	30.442	24.19749
1.71111E12	0.00429	1185.52633	1.71111E12	3.62517E-4	1240.53661	55.01028	30.641	24.36928
1.72222E12	0.00427	1193.25934	1.72222E12	3.6615E-4	1248.64062	55.38128	30.84	24.54128
1.73333E12	0.00425	1200.9931	1.73333E12	3.69837E-4	1256.7456	55.7525	31.0389	24.7136
1.74444E12	0.00423	1208.72765	1.74444E12	3.73559E-4	1264.85159	56.12394	31.2379	24.88604
1.75556E12	0.00421	1216.46302	1.75556E12	3.77298E-4	1272.9586	56.49558	31.4369	25.05868
1.76667E12	0.00419	1224.19923	1.76667E12	3.81031E-4	1281.06664	56.86742	31.6358	25.23162
1.77778E12	0.00418	1231.93629	1.77778E12	3.8474E-4	1289.17573	57.23944	31.8348	25.40464
1.78889E12	0.00416	1239.67423	1.78889E12	3.88405E-4	1297.28585	57.61162	32.0338	25.57782
1.8E12	0.00414	1247.41304	1.8E12	3.92007E-4	1305.39698	57.98395	32.2327	25.75125
1.81111E12	0.00412	1255.15271	1.81111E12	3.95531E-4	1313.50911	58.3564	32.4317	25.9247
1.82222E12	0.0041	1262.89326	1.82222E12	3.98964E-4	1321.62221	58.72895	32.6307	26.09825
1.83333E12	0.00408	1270.63466	1.83333E12	4.02294E-4	1329.73624	59.10158	32.8296	26.27198
1.84444E12	0.00406	1278.3769	1.84444E12	4.05512E-4	1337.85119	59.47429	33.0286	26.44569
1.85556E12	0.00404	1286.11998	1.85556E12	4.08614E-4	1345.96703	59.84705	33.2276	26.61945
1.86667E12	0.00402	1293.86386	1.86667E12	4.11595E-4	1354.08372	60.21986	33.4265	26.79336
1.87778E12	0.004	1301.60854	1.87778E12	4.14453E-4	1362.20125	60.59271	33.6255	26.96721
1.88889E12	0.00397	1309.35399	1.88889E12	4.17187E-4	1370.31959	60.9656	33.8245	27.1411
1.9E12	0.00394	1317.10021	1.9E12	4.19798E-4	1378.43875	61.33854	34.0234	27.31514
1.91111E12	0.00392	1324.84717	1.91111E12	4.22286E-4	1386.55869	61.71152	34.2224	27.48912
1.92222E12	0.00389	1332.59486	1.92222E12	4.24653E-4	1394.67943	62.08457	34.4214	27.66317
1.93333E12	0.00386	1340.34327	1.93333E12	4.269E-4	1402.80095	62.45768	34.6204	27.83728
1.94444E12	0.00383	1348.0924	1.94444E12	4.29026E-4	1410.92327	62.83087	34.8193	28.01157
1.95556E12	0.0038	1355.84222	1.95556E12	4.31031E-4	1419.04638	63.20416	35.0183	28.18586
1.96667E12	0.00376	1363.59274	1.96667E12	4.32913E-4	1427.17029	63.57755	35.2173	28.36025
1.97778E12	0.00373	1371.34394	1.97778E12	4.34669E-4	1435.29501	63.95106	35.4162	28.53486
1.98889E12	0.0037	1379.09584	1.98889E12	4.36296E-4	1443.42054	64.3247	35.6152	28.7095
2E12	0.00366	1386.84843	2E12	4.3779E-4	1451.54691	64.69848	35.8142	28.88428
2.01111E12	0.00362	1394.6017	2.01111E12	4.39145E-4	1459.6741	65.0724	36.0131	29.0593
2.02222E12	0.00359	1402.35567	2.02222E12	4.40357E-4	1467.80213	65.44646	36.2121	29.23436
2.03333E12	0.00355	1410.11032	2.03333E12	4.41419E-4	1475.931	65.82068	36.4111	29.40958
2.04444E12	0.00351	1417.86568	2.04444E12	4.42327E-4	1484.06071	66.19504	36.61	29.58504
2.05556E12	0.00347	1425.62173	2.05556E12	4.43075E-4	1492.19127	66.56954	36.809	29.76054
2.06667E12	0.00344	1433.37848	2.06667E12	4.43659E-4	1500.32267	66.94418	37.008	29.93618
2.07778E12	0.0034	1441.13595	2.07778E12	4.44076E-4	1508.4549	67.31895	37.2069	30.11205
2.08889E12	0.00336	1448.89412	2.08889E12	4.44324E-4	1516.58796	67.69383	37.4059	30.28793
2.1E12	0.00332	1456.65302	2.1E12	4.44401E-4	1524.72184	68.06882	37.6049	30.46392
2.11111E12	0.00327	1464.41264	2.11111E12	4.44307E-4	1532.85653	68.44389	37.8038	30.64009
2.12222E12	0.00323	1472.17299	2.12222E12	4.44042E-4	1540.99202	68.81903	38.0028	30.81623
2.13333E12	0.00319	1479.93409	2.13333E12	4.43608E-4	1549.1283	69.19422	38.2018	30.99242
2.14444E12	0.00315	1487.69592	2.14444E12	4.43005E-4	1557.26537	69.56945	38.4007	31.16875
2.15556E12	0.00311	1495.45852	2.15556E12	4.42236E-4	1565.40321	69.94469	38.5997	31.34499
2.16667E12	0.00306	1503.22188	2.16667E12	4.41302E-4	1573.54181	70.31993	38.7987	31.52123
2.17778E12	0.00302	1510.98602	2.17778E12	4.40205E-4	1581.68117	70.69515	38.9976	31.69755
2.18889E12	0.00298	1518.75094	2.18889E12	4.38945E-4	1589.82128	71.07034	39.1966	31.87374
2.2E12	0.00293	1526.51667	2.2E12	4.3752E-4	1597.96214	71.44546	39.3956	32.04986
2.21111E12	0.00289	1534.28322	2.21111E12	4.35929E-4	1606.10374	71.82052	39.5945	32.22602
2.22222E12	0.00284	1542.0506	2.22222E12	4.34168E-4	1614.2461	72.1955	39.7935	32.402
2.23333E12	0.0028	1549.81883	2.23333E12	4.3223E-4	1622.38922	72.57038	39.9925	32.57788
2.24444E12	0.00275	1557.58793	2.24444E12	4.3011E-4	1630.5331	72.94517	40.1914	32.75377
2.25556E12	0.00271	1565.35791	2.25556E12	4.27798E-4	1638.67776	73.31985	40.3904	32.92945
2.26667E12	0.00266	1573.12879	2.26667E12	4.25282E-4	1646.82321	73.69442	40.5894	33.10502
2.27778E12	0.00261	1580.90058	2.27778E12	4.22551E-4	1654.96947	74.06889	40.7883	33.28059
2.28889E12	0.00257	1588.67331	2.28889E12	4.19591E-4	1663.11657	74.44327	40.9873	33.45597
2.3E12	0.00252	1596.44698	2.3E12	4.16389E-4	1671.26454	74.81756	41.1863	33.63126
2.31111E12	0.00247	1604.2216	2.31111E12	4.1293E-4	1679.41339	75.19179	41.3852	33.80659
2.32222E12	0.00242	1611.9972	2.32222E12	4.09201E-4	1687.56317	75.56597	41.5842	33.98177
2.33333E12	0.00237	1619.77377	2.33333E12	4.05189E-4	1695.7139	75.94014	41.7832	34.15694
2.34444E12	0.00232	1627.55132	2.34444E12	4.00883E-4	1703.86564	76.31432	41.9821	34.33222
2.35556E12	0.00227	1635.32985	2.35556E12	3.96274E-4	1712.0184	76.68855	42.1811	34.50745
2.36667E12	0.00222	1643.10937	2.36667E12	3.91355E-4	1720.17224	77.06287	42.3801	34.68277
2.37778E12	0.00217	1650.88987	2.37778E12	3.86124E-4	1728.32719	77.43732	42.5791	34.85822
2.38889E12	0.00212	1658.67135	2.38889E12	3.8058E-4	1736.48329	77.81194	42.778	35.03394
2.4E12	0.00207	1666.45379	2.4E12	3.7473E-4	1744.64057	78.18678	42.977	35.20978
2.41111E12	0.00202	1674.23719	2.41111E12	3.6858E-4	1752.79907	78.56188	43.176	35.38588
2.42222E12	0.00196	1682.02152	2.42222E12	3.62145E-4	1760.95881	78.93729	43.3749	35.56239
2.43333E12	0.00191	1689.80679	2.43333E12	3.55441E-4	1769.11982	79.31304	43.5739	35.73914
2.44444E12	0.00186	1697.59295	2.44444E12	3.48488E-4	1777.28211	79.68916	43.7729	35.91626
2.45556E12	0.00181	1705.38	2.45556E12	3.41309E-4	1785.44568	80.06569	43.9718	36.09389
2.46667E12	0.00175	1713.1679	2.46667E12	3.33933E-4	1793.61054	80.44264	44.1708	36.27184
2.47778E12	0.0017	1720.95664	2.47778E12	3.26385E-4	1801.77666	80.82002	44.3698	36.45022
2.48889E12	0.00165	1728.74619	2.48889E12	3.18697E-4	1809.94403	81.19784	44.5687	36.62914
2.5E12	0.00159	1736.53652	2.5E12	3.10898E-4	1818.11258	81.57607	44.7677	36.80837
2.51111E12	0.00154	1744.32759	2.51111E12	3.03016E-4	1826.28229	81.95469	44.9667	36.98799
2.52222E12	0.00149	1752.11939	2.52222E12	2.9508E-4	1834.45307	82.33367	45.1656	37.16807
2.53333E12	0.00143	1759.91189	2.53333E12	2.87114E-4	1842.62484	82.71295	45.3646	37.34835
2.54444E12	0.00138	1767.70505	2.54444E12	2.79141E-4	1850.79752	83.09247	45.5636	37.52887
2.55556E12	0.00133	1775.49885	2.55556E12	2.7118E-4	1858.97101	83.47216	45.7625	37.70966
2.56667E12	0.00128	1783.29326	2.56667E12	2.63247E-4	1867.14519	83.85192	45.9615	37.89042
2.57778E12	0.00123	1791.08826	2.57778E12	2.55352E-4	1875.31995	84.23169	46.1605	38.07119
2.58889E12	0.00118	1798.88382	2.58889E12	2.47504E-4	1883.49519	84.61137	46.3594	38.25197
2.6E12	0.00113	1806.67992	2.6E12	2.39708E-4	1891.6708	84.99087	46.5584	38.43247
2.61111E12	0.00108	1814.47654	2.61111E12	2.31966E-4	1899.84666	85.37011	46.7574	38.61271
2.62222E12	0.00104	1822.27366	2.62222E12	2.24279E-4	1908.02269	85.74903	46.9563	38.79273
2.63333E12	9.89589E-4	1830.07127	2.63333E12	2.16644E-4	1916.19881	86.12754	47.1553	38.97224
2.64444E12	9.44373E-4	1837.86934	2.64444E12	2.09061E-4	1924.37495	86.50561	47.3543	39.15131
2.65556E12	9.00225E-4	1845.66788	2.65556E12	2.01528E-4	1932.55107	86.8832	47.5532	39.33
2.66667E12	8.57187E-4	1853.46686	2.66667E12	1.94044E-4	1940.72715	87.26029	47.7522	39.50809
2.67778E12	8.15298E-4	1861.2663	2.67778E12	1.86611E-4	1948.90317	87.63687	47.9512	39.68567
2.68889E12	7.7459E-4	1869.06619	2.68889E12	1.79231E-4	1957.07916	88.01297	48.1501	39.86287
2.7E12	7.35091E-4	1876.86652	2.7E12	1.71909E-4	1965.25514	88.38862	48.3491	40.03952
2.71111E12	6.96823E-4	1884.66732	2.71111E12	1.64652E-4	1973.43117	88.76385	48.5481	40.21575
2.72222E12	6.59803E-4	1892.46858	2.72222E12	1.57469E-4	1981.60732	89.13873	48.747	40.39173
2.73333E12	6.24044E-4	1900.27032	2.73333E12	1.50372E-4	1989.78365	89.51333	48.946	40.56733
2.74444E12	5.89554E-4	1908.07256	2.74444E12	1.43373E-4	1997.96028	89.88772	49.145	40.74272
2.75556E12	5.56337E-4	1915.87531	2.75556E12	1.36487E-4	2006.13729	90.26198	49.3439	40.91808
2.76667E12	5.24392E-4	1923.67859	2.76667E12	1.29728E-4	2014.31479	90.63619	49.5429	41.09329
2.77778E12	4.93717E-4	1931.48243	2.77778E12	1.23112E-4	2022.49287	91.01045	49.7419	41.26855
2.78889E12	4.64303E-4	1939.28683	2.78889E12	1.16653E-4	2030.67164	91.38481	49.9409	41.44391
2.8E12	4.3614E-4	1947.09183	2.8E12	1.10366E-4	2038.85119	91.75936	50.1398	41.61956
2.81111E12	4.09213E-4	1954.89744	2.81111E12	1.04264E-4	2047.03158	92.13414	50.3388	41.79534
2.82222E12	3.83505E-4	1962.70366	2.82222E12	9.83578E-5	2055.21287	92.50921	50.5378	41.97141
2.83333E12	3.58994E-4	1970.51052	2.83333E12	9.26575E-5	2063.39511	92.88459	50.7367	42.14789
2.84444E12	3.35658E-4	1978.31801	2.84444E12	8.71703E-5	2071.5783	93.26029	50.9357	42.32459
2.85556E12	3.13468E-4	1986.12614	2.85556E12	8.19013E-5	2079.76244	93.6363	51.1347	42.5016
2.86667E12	2.92394E-4	1993.93489	2.86667E12	7.68533E-5	2087.94747	94.01258	51.3336	42.67898
2.87778E12	2.72404E-4	2001.74425	2.87778E12	7.20267E-5	2096.13333	94.38907	51.5326	42.85647
2.88889E12	2.53462E-4	2009.55421	2.88889E12	6.742E-5	2104.31991	94.7657	51.7316	43.0341
2.9E12	2.3553E-4	2017.36474	2.9E12	6.30295E-5	2112.50708	95.14234	51.9305	43.21184
2.91111E12	2.18571E-4	2025.17582	2.91111E12	5.88502E-5	2120.69468	95.51886	52.1295	43.38936
2.92222E12	2.02543E-4	2032.98744	2.92222E12	5.48759E-5	2128.88252	95.89508	52.3285	43.56658
2.93333E12	1.87406E-4	2040.79956	2.93333E12	5.10993E-5	2137.07037	96.27081	52.5274	43.74341
2.94444E12	1.7312E-4	2048.6122	2.94444E12	4.7513E-5	2145.258	96.64579	52.7264	43.91939
2.95556E12	1.59647E-4	2056.42538	2.95556E12	4.4109E-5	2153.44511	97.01973	52.9254	44.09433
2.96667E12	1.46949E-4	2064.23913	2.96667E12	4.08797E-5	2161.63139	97.39227	53.1243	44.26797
2.97778E12	1.34992E-4	2072.05353	2.97778E12	3.78181E-5	2169.81651	97.76297	53.3233	44.43967
2.98889E12	1.23745E-4	2079.86871	2.98889E12	3.49172E-5	2178.00005	98.13133	53.5223	44.60903
3E12	1.1318E-4	2087.68485	3E12	3.21711E-5	2186.18157	98.49672	53.7212	44.77552
3.01111E12	1.03275E-4	2095.50218	3.01111E12	2.95744E-5	2194.36056	98.85838	53.9202	44.93818
3.02222E12	9.40116E-5	2103.32103	3.02222E12	2.71226E-5	2202.53643	99.2154	54.1192	45.0962
3.03333E12	8.5375E-5	2111.14179	3.03333E12	2.48117E-5	2210.70849	99.56669	54.3181	45.24859
3.04444E12	7.73564E-5	2118.96496	3.04444E12	2.26389E-5	2218.87595	99.91099	54.5171	45.39389
3.05556E12	6.99507E-5	2126.7911	3.05556E12	2.0602E-5	2227.03789	100.24679	54.7161	45.53069
3.06667E12	6.31567E-5	2134.62087	3.06667E12	1.86999E-5	2235.19326	100.57239	54.915	45.65739
3.07778E12	5.69763E-5	2142.45494	3.07778E12	1.69327E-5	2243.34083	100.88589	55.114	45.77189
3.08889E12	5.14133E-5	2150.29397	3.08889E12	1.53017E-5	2251.47925	101.18527	55.313	45.87227
3.1E12	4.64717E-5	2158.13846	3.1E12	1.381E-5	2259.60703	101.46857	55.5119	45.95667
3.11111E12	4.21534E-5	2165.9886	3.11111E12	1.24619E-5	2267.72265	101.73404	55.7109	46.02314
3.12222E12	3.84549E-5	2173.84408	3.12222E12	1.12636E-5	2275.8247	101.98062	55.9099	46.07072
3.13333E12	3.53634E-5	2181.70389	3.13333E12	1.02217E-5	2283.91219	102.2083	56.1088	46.0995
3.14444E12	3.28533E-5	2189.56617	3.14444E12	9.34262E-6	2291.9849	102.41874	56.3078	46.11094
3.15556E12	3.08828E-5	2197.42834	3.15556E12	8.63037E-6	2300.04392	102.61557	56.5068	46.10877
3.16667E12	2.93947E-5	2205.28737	3.16667E12	8.08388E-6	2308.09187	102.8045	56.7057	46.0988
3.17778E12	2.83193E-5	2213.14022	3.17778E12	7.69468E-6	2316.13292	102.9927	56.9047	46.088
3.18889E12	2.75803E-5	2220.98433	3.18889E12	7.44581E-6	2324.17205	103.18771	57.1037	46.08401
3.2E12	2.7102E-5	2228.81795	3.2E12	7.31298E-6	2332.21403	103.39608	57.3027	46.09338
3.21111E12	2.68152E-5	2236.64019	3.21111E12	7.26767E-6	2340.26255	103.62236	57.5016	46.12076
3.22222E12	2.6661E-5	2244.45094	3.22222E12	7.28084E-6	2348.31977	103.86883	57.7006	46.16823
3.23333E12	2.65928E-5	2252.25068	3.23333E12	7.32609E-6	2356.38645	104.13576	57.8996	46.23616
3.24444E12	2.65749E-5	2260.04026	3.24444E12	7.38142E-6	2364.46237	104.4221	58.0985	46.3236
3.25556E12	2.65822E-5	2267.82075	3.25556E12	7.42983E-6	2372.5468	104.72605	58.2975	46.42855
3.26667E12	2.65974E-5	2275.59328	3.26667E12	7.45906E-6	2380.63882	105.04554	58.4965	46.54904
3.27778E12	2.66095E-5	2283.35901	3.27778E12	7.46102E-6	2388.73757	105.37857	58.6954	46.68317
3.28889E12	2.66121E-5	2291.11904	3.28889E12	7.43102E-6	2396.84236	105.72332	58.8944	46.82892
3.3E12	2.66018E-5	2298.87442	3.3E12	7.36706E-6	2404.95269	106.07827	59.0934	46.98487
3.31111E12	2.65775E-5	2306.62612	3.31111E12	7.26921E-6	2413.06833	106.44221	59.2923	47.14991
3.32222E12	2.65394E-5	2314.37501	3.32222E12	7.1391E-6	2421.18925	106.81424	59.4913	47.32294
3.33333E12	2.64886E-5	2322.12188	3.33333E12	6.97956E-6	2429.31565	107.19377	59.6903	47.50347
3.34444E12	2.64269E-5	2329.86742	3.34444E12	6.7943E-6	2437.4479	107.58047	59.8892	47.69127
3.35556E12	2.63563E-5	2337.61227	3.35556E12	6.58782E-6	2445.58655	107.97428	60.0882	47.88608
3.36667E12	2.62791E-5	2345.35694	3.36667E12	6.36525E-6	2453.73226	108.37532	60.2872	48.08812
3.37778E12	2.61981E-5	2353.10189	3.37778E12	6.13242E-6	2461.88581	108.78392	60.4861	48.29782
3.38889E12	2.61159E-5	2360.84748	3.38889E12	5.89578E-6	2470.04797	109.20049	60.6851	48.51539
3.4E12	2.60351E-5	2368.59399	3.4E12	5.66248E-6	2478.21945	109.62545	60.8841	48.74135
3.41111E12	2.59584E-5	2376.34165	3.41111E12	5.44019E-6	2486.40078	110.05914	61.083	48.97614
3.42222E12	2.58879E-5	2384.09057	3.42222E12	5.2369E-6	2494.59217	110.5016	61.282	49.2196
3.43333E12	2.58256E-5	2391.84082	3.43333E12	5.06047E-6	2502.79326	110.95244	61.481	49.47144
3.44444E12	2.57724E-5	2399.59238	3.44444E12	4.91791E-6	2511.00305	111.41068	61.6799	49.73078
3.45556E12	2.57288E-5	2407.34517	3.45556E12	4.81458E-6	2519.2198	111.87463	61.8789	49.99573
3.46667E12	2.5694E-5	2415.09905	3.46667E12	4.75332E-6	2527.44109	112.34205	62.0779	50.26415
3.47778E12	2.56661E-5	2422.85383	3.47778E12	4.73386E-6	2535.66415	112.81031	62.2768	50.53351
3.48889E12	2.56419E-5	2430.6093	3.48889E12	4.7527E-6	2543.88617	113.27687	62.4758	50.80107
3.5E12	2.56171E-5	2438.36518	3.5E12	4.80349E-6	2552.10473	113.73955	62.6748	51.06475
3.51111E12	2.5586E-5	2446.12121	3.51111E12	4.87789E-6	2560.31802	114.19681	62.8737	51.32311
3.52222E12	2.55419E-5	2453.87711	3.52222E12	4.96649E-6	2568.52491	114.6478	63.0727	51.5751
3.53333E12	2.54773E-5	2461.63262	3.53333E12	5.05973E-6	2576.72487	115.09225	63.2717	51.82055
3.54444E12	2.53842E-5	2469.38749	3.54444E12	5.14864E-6	2584.91781	115.53032	63.4706	52.05972
3.55556E12	2.52542E-5	2477.14149	3.55556E12	5.22525E-6	2593.10389	115.96241	63.6696	52.29281
3.56667E12	2.50793E-5	2484.89441	3.56667E12	5.28285E-6	2601.2834	116.389	63.8686	52.5204
3.57778E12	2.48519E-5	2492.64607	3.57778E12	5.31609E-6	2609.45662	116.81055	64.0675	52.74305
3.58889E12	2.45651E-5	2500.39633	3.58889E12	5.321E-6	2617.62377	117.22743	64.2665	52.96093
3.6E12	2.42137E-5	2508.14508	3.6E12	5.29487E-6	2625.78491	117.63984	64.4655	53.17434
3.61111E12	2.37935E-5	2515.89221	3.61111E12	5.23628E-6	2633.93998	118.04777	64.6644	53.38337
3.62222E12	2.33022E-5	2523.63766	3.62222E12	5.14496E-6	2642.08868	118.45102	64.8634	53.58762
3.63333E12	2.27392E-5	2531.38139	3.63333E12	5.02179E-6	2650.23053	118.84914	65.0624	53.78674
3.64444E12	2.21059E-5	2539.12337	3.64444E12	4.86883E-6	2658.36477	119.24141	65.2614	53.98001
3.65556E12	2.14053E-5	2546.8636	3.65556E12	4.68937E-6	2666.49038	119.62679	65.4603	54.16649
3.66667E12	2.06421E-5	2554.6021	3.66667E12	4.48808E-6	2674.60602	120.00392	65.6593	54.34462
3.67778E12	1.98226E-5	2562.33892	3.67778E12	4.27124E-6	2682.71002	120.3711	65.8583	54.5128
3.68889E12	1.89541E-5	2570.07413	3.68889E12	4.04698E-6	2690.80045	120.72631	66.0572	54.66911
3.7E12	1.80451E-5	2577.80782	3.7E12	3.82559E-6	2698.87521	121.06738	66.2562	54.81118
3.71111E12	1.71044E-5	2585.54011	3.71111E12	3.61967E-6	2706.93243	121.39233	66.4552	54.93713
3.72222E12	1.61414E-5	2593.27114	3.72222E12	3.44386E-6	2714.97115	121.70002	66.6541	55.04592
3.73333E12	1.51651E-5	2601.00109	3.73333E12	3.31373E-6	2722.99226	121.99117	66.8531	55.13807
3.74444E12	1.41847E-5	2608.73016	3.74444E12	3.24353E-6	2730.99945	122.26929	67.0521	55.21719
3.75556E12	1.32083E-5	2616.45855	3.75556E12	3.24297E-6	2738.99935	122.5408	67.251	55.2898
3.76667E12	1.22438E-5	2624.18649	3.76667E12	3.31441E-6	2747.00022	122.81373	67.45	55.36373
3.77778E12	1.12981E-5	2631.91418	3.77778E12	3.45201E-6	2755.00965	123.09547	67.649	55.44647
3.78889E12	1.03771E-5	2639.64176	3.78889E12	3.64348E-6	2763.03269	123.39092	67.8479	55.54302
3.8E12	9.48593E-6	2647.36932	3.8E12	3.87306E-6	2771.07138	123.70205	68.0469	55.65515
3.81111E12	8.62905E-6	2655.0968	3.81111E12	4.12436E-6	2779.12548	124.02868	68.2459	55.78278
3.82222E12	7.81006E-6	2662.8239	3.82222E12	4.38211E-6	2787.19348	124.36958	68.4448	55.92478
3.83333E12	7.03197E-6	2670.55002	3.83333E12	4.63294E-6	2795.2734	124.72338	68.6438	56.07958
3.84444E12	6.2974E-6	2678.27408	3.84444E12	4.86567E-6	2803.36328	125.0892	68.8428	56.2464
3.85556E12	5.60873E-6	2685.99432	3.85556E12	5.07122E-6	2811.4614	125.46708	69.0417	56.42538
3.86667E12	4.96857E-6	2693.70804	3.86667E12	5.24253E-6	2819.56633	125.85829	69.2407	56.61759
3.87778E12	4.38042E-6	2701.41126	3.87778E12	5.37442E-6	2827.67696	126.2657	69.4397	56.826
3.88889E12	3.84993E-6	2709.09834	3.88889E12	5.46348E-6	2835.79243	126.69409	69.6386	57.05549
3.9E12	3.38679E-6	2716.76187	3.9E12	5.50798E-6	2843.91212	127.15025	69.8376	57.31265
3.91111E12	3.00737E-6	2724.39355	3.91111E12	5.50769E-6	2852.03561	127.64207	70.0366	57.60547
3.92222E12	2.73668E-6	2731.98759	3.92222E12	5.46387E-6	2860.16268	128.17509	70.2355	57.93959
3.93333E12	2.6058E-6	2739.54792	3.93333E12	5.37905E-6	2868.29324	128.74532	70.4345	58.31082
3.94444E12	2.64023E-6	2747.09398	3.94444E12	5.25689E-6	2876.42737	129.33339	70.6335	58.69989
3.95556E12	2.84489E-6	2754.65376	3.95556E12	5.1021E-6	2884.5653	129.91154	70.8324	59.07914
3.96667E12	3.20175E-6	2762.24697	3.96667E12	4.92015E-6	2892.70739	130.46042	71.0314	59.42902
3.97778E12	3.6821E-6	2769.87802	3.97778E12	4.71721E-6	2900.85417	130.97615	71.2304	59.74575
3.98889E12	4.25819E-6	2777.54168	3.98889E12	4.49991E-6	2909.00628	131.4646	71.4293	60.0353
4E12	4.90716E-6	2785.23019	4E12	4.27522E-6	2917.16448	131.93429	71.6283	60.30599
4.01111E12	5.61023E-6	2792.93666	4.01111E12	4.05029E-6	2925.32962	132.39296	71.8273	60.56566
4.02222E12	6.35105E-6	2800.65584	4.02222E12	3.83231E-6	2933.50253	132.8467	72.0262	60.8205
4.03333E12	7.1143E-6	2808.38398	4.03333E12	3.62834E-6	2941.68394	133.29997	72.2252	61.07477
4.04444E12	7.88505E-6	2816.11848	4.04444E12	3.44513E-6	2949.87427	133.75579	72.4242	61.33159
4.05556E12	8.64845E-6	2823.85755	4.05556E12	3.2888E-6	2958.07345	134.2159	72.6232	61.5927
4.06667E12	9.38984E-6	2831.59997	4.06667E12	3.16447E-6	2966.28071	134.68074	72.8221	61.85864
4.07778E12	1.00949E-5	2839.34491	4.07778E12	3.07585E-6	2974.49449	135.14959	73.0211	62.12849
4.08889E12	1.07502E-5	2847.0918	4.08889E12	3.02479E-6	2982.71254	135.62075	73.2201	62.40065
4.1E12	1.13434E-5	2854.84028	4.1E12	3.01103E-6	2990.93221	136.09193	73.419	62.67293
4.11111E12	1.18635E-5	2862.59012	4.11111E12	3.03231E-6	2999.15089	136.56077	73.618	62.94277
4.12222E12	1.23016E-5	2870.34119	4.12222E12	3.08464E-6	3007.36646	137.02526	73.817	63.20826
4.13333E12	1.26512E-5	2878.09345	4.13333E12	3.16292E-6	3015.57752	137.48406	74.0159	63.46816
4.14444E12	1.2908E-5	2885.8469	4.14444E12	3.2615E-6	3023.78344	137.93653	74.2149	63.72163
4.15556E12	1.30706E-5	2893.6016	4.15556E12	3.37464E-6	3031.98423	138.38263	74.4139	63.96873
4.16667E12	1.31403E-5	2901.35763	4.16667E12	3.49692E-6	3040.18034	138.82271	74.6128	64.20991
4.17778E12	1.31214E-5	2909.11511	4.17778E12	3.62334E-6	3048.37245	139.25735	74.8118	64.44555
4.18889E12	1.30206E-5	2916.87418	4.18889E12	3.74943E-6	3056.56133	139.68715	75.0108	64.67635
4.2E12	1.28474E-5	2924.63499	4.2E12	3.87122E-6	3064.74771	140.11272	75.2097	64.90302
4.21111E12	1.26136E-5	2932.39768	4.21111E12	3.98518E-6	3072.93224	140.53456	75.4087	65.12586
4.22222E12	1.23327E-5	2940.16235	4.22222E12	4.08817E-6	3081.11545	140.9531	75.6077	65.3454
4.23333E12	1.20198E-5	2947.92907	4.23333E12	4.17737E-6	3089.29775	141.36868	75.8066	65.56208
4.24444E12	1.16909E-5	2955.69782	4.24444E12	4.25019E-6	3097.47945	141.78162	76.0056	65.77602
4.25556E12	1.13621E-5	2963.46844	4.25556E12	4.30422E-6	3105.66073	142.19229	76.2046	65.98769
4.26667E12	1.10494E-5	2971.24061	4.26667E12	4.33724E-6	3113.84171	142.6011	76.4035	66.1976
4.27778E12	1.07676E-5	2979.01381	4.27778E12	4.34717E-6	3122.02244	143.00863	76.6025	66.40613
4.28889E12	1.05298E-5	2986.78733	4.28889E12	4.33211E-6	3130.20291	143.41559	76.8015	66.61409
4.3E12	1.03469E-5	2994.56024	4.3E12	4.29044E-6	3138.38308	143.82284	77.0004	66.82244
4.31111E12	1.02271E-5	3002.33152	4.31111E12	4.22083E-6	3146.56288	144.23135	77.1994	67.03195
4.32222E12	1.01757E-5	3010.10012	4.32222E12	4.1224E-6	3154.74219	144.64206	77.3984	67.24366
4.33333E12	1.0195E-5	3017.86508	4.33333E12	3.99478E-6	3162.92087	145.05579	77.5973	67.45849
4.34444E12	1.02851E-5	3025.62565	4.34444E12	3.83829E-6	3171.09873	145.47308	77.7963	67.67678
4.35556E12	1.04433E-5	3033.38136	4.35556E12	3.65394E-6	3179.27544	145.89409	77.9953	67.89879
4.36667E12	1.06652E-5	3041.13206	4.36667E12	3.44359E-6	3187.45056	146.3185	78.1942	68.1243
4.37778E12	1.09445E-5	3048.87789	4.37778E12	3.20995E-6	3195.62336	146.74546	78.3932	68.35226
4.38889E12	1.12737E-5	3056.61924	4.38889E12	2.95659E-6	3203.7927	147.17346	78.5922	68.58126
4.4E12	1.16438E-5	3064.35662	4.4E12	2.68798E-6	3211.95679	147.60018	78.7911	68.80908
4.41111E12	1.20449E-5	3072.09062	4.41111E12	2.40954E-6	3220.11277	148.02214	78.9901	69.03204
4.42222E12	1.24661E-5	3079.82186	4.42222E12	2.12787E-6	3228.25603	148.43417	79.1891	69.24507
4.43333E12	1.28957E-5	3087.55089	4.43333E12	1.8513E-6	3236.37928	148.82839	79.388	69.44039
4.44444E12	1.33219E-5	3095.27817	4.44444E12	1.59132E-6	3244.47112	149.19294	79.587	69.60594
4.45556E12	1.37326E-5	3103.0041	4.45556E12	1.36516E-6	3252.51552	149.51142	79.786	69.72542
4.46667E12	1.41162E-5	3110.72894	4.46667E12	1.19934E-6	3260.49658	149.76764	79.9849	69.78274
4.47778E12	1.44618E-5	3118.45289	4.47778E12	1.12867E-6	3268.41792	149.96503	80.1839	69.78113
4.48889E12	1.47596E-5	3126.17607	4.48889E12	1.18006E-6	3276.32482	150.14875	80.3829	69.76585
4.5E12	1.50013E-5	3133.8985	4.5E12	1.3513E-6	3284.27644	150.37794	80.5819	69.79604
4.51111E12	1.51803E-5	3141.62017	4.51111E12	1.61787E-6	3292.29499	150.67482	80.7808	69.89402
4.52222E12	1.52919E-5	3149.34101	4.52222E12	1.95486E-6	3300.3698	151.02879	80.9798	70.04899
4.53333E12	1.53332E-5	3157.06091	4.53333E12	2.34516E-6	3308.48288	151.42197	81.1788	70.24317
4.54444E12	1.53037E-5	3164.77974	4.54444E12	2.77735E-6	3316.61982	151.84009	81.3777	70.46239
4.55556E12	1.52047E-5	3172.49731	4.55556E12	3.24237E-6	3324.77091	152.2736	81.5767	70.6969
4.56667E12	1.50395E-5	3180.21344	4.56667E12	3.73123E-6	3332.92988	152.71643	81.7757	70.94073
4.57778E12	1.4813E-5	3187.92793	4.57778E12	4.2339E-6	3341.09277	153.16484	81.9746	71.19024
4.58889E12	1.45316E-5	3195.64053	4.58889E12	4.73883E-6	3349.2571	153.61657	82.1736	71.44297
4.6E12	1.4203E-5	3203.35103	4.6E12	5.23299E-6	3357.42133	154.0703	82.3726	71.6977
4.61111E12	1.38357E-5	3211.05916	4.61111E12	5.70209E-6	3365.58452	154.52536	82.5715	71.95386
4.62222E12	1.34389E-5	3218.76468	4.62222E12	6.13101E-6	3373.74612	154.98144	82.7705	72.21094
4.63333E12	1.3022E-5	3226.46733	4.63333E12	6.50435E-6	3381.90584	155.43851	82.9695	72.46901
4.64444E12	1.25947E-5	3234.16686	4.64444E12	6.80697E-6	3390.06354	155.89668	83.1684	72.72828
4.65556E12	1.2166E-5	3241.86304	4.65556E12	7.02459E-6	3398.21917	156.35612	83.3674	72.98872
4.66667E12	1.17451E-5	3249.55566	4.66667E12	7.14433E-6	3406.37274	156.81709	83.5664	73.25069
4.67778E12	1.13403E-5	3257.24453	4.67778E12	7.1553E-6	3414.52432	157.27978	83.7653	73.51448
4.68889E12	1.09592E-5	3264.92954	4.68889E12	7.04899E-6	3422.67393	157.7444	83.9643	73.7801
4.7E12	1.0609E-5	3272.61061	4.7E12	6.81968E-6	3430.82166	158.21105	84.1633	74.04775
4.71111E12	1.02958E-5	3280.28777	4.71111E12	6.46472E-6	3438.96752	158.67976	84.3622	74.31756
4.72222E12	1.00252E-5	3287.96115	4.72222E12	5.98471E-6	3447.11154	159.15039	84.5612	74.58919
4.73333E12	9.80187E-6	3295.63101	4.73333E12	5.38354E-6	3455.25365	159.62263	84.7602	74.86243
4.74444E12	9.6297E-6	3303.29775	4.74444E12	4.66831E-6	3463.39368	160.09593	84.9591	75.13683
4.75556E12	9.51171E-6	3310.9619	4.75556E12	3.84922E-6	3471.53118	160.56928	85.1581	75.41118
4.76667E12	9.44992E-6	3318.62413	4.76667E12	2.93923E-6	3479.66495	161.04082	85.3571	75.68372
4.77778E12	9.44522E-6	3326.28521	4.77778E12	1.95382E-6	3487.791	161.50579	85.556	75.94979
4.78889E12	9.49728E-6	3333.94596	4.78889E12	9.11116E-7	3495.8861	161.94014	85.755	76.18514
4.8E12	9.60438E-6	3341.6072	4.8E12	1.8981E-7	3507.63201	166.0248	85.954	80.0708
4.81111E12	9.7634E-6	3349.26971	4.81111E12	1.28164E-6	3515.43469	166.16497	86.1529	80.01207
4.82222E12	9.9698E-6	3356.93413	4.82222E12	2.38486E-6	3523.54323	166.6091	86.3519	80.2572
4.83333E12	1.02177E-5	3364.60096	4.83333E12	3.46917E-6	3531.66758	167.06662	86.5509	80.51572
4.84444E12	1.05E-5	3372.27051	4.84444E12	4.51521E-6	3539.79587	167.52536	86.7498	80.77556
4.85556E12	1.08088E-5	3379.94295	4.85556E12	5.50525E-6	3547.92551	167.98257	86.9488	81.03377
4.86667E12	1.11351E-5	3387.61825	4.86667E12	6.42326E-6	3556.05568	168.43743	87.1478	81.28963
4.87778E12	1.14699E-5	3395.29626	4.87778E12	7.25531E-6	3564.18606	168.8898	87.3467	81.5431
4.88889E12	1.18039E-5	3402.97671	4.88889E12	7.98975E-6	3572.31657	169.33986	87.5457	81.79416
4.9E12	1.2128E-5	3410.65925	4.9E12	8.61746E-6	3580.44726	169.78801	87.7447	82.04331
4.91111E12	1.24339E-5	3418.34346	4.91111E12	9.13192E-6	3588.57819	170.23474	87.9437	82.29104
4.92222E12	1.27141E-5	3426.02887	4.92222E12	9.52926E-6	3596.70953	170.68066	88.1426	82.53806
4.93333E12	1.29623E-5	3433.715	4.93333E12	9.80818E-6	3604.84142	171.12642	88.3416	82.78482
4.94444E12	1.31741E-5	3441.40137	4.94444E12	9.96983E-6	3612.9741	171.57273	88.5406	83.03213
4.95556E12	1.33466E-5	3449.08748	4.95556E12	1.00177E-5	3621.10779	172.02031	88.7395	83.28081
4.96667E12	1.34792E-5	3456.77289	4.96667E12	9.95724E-6	3629.24278	172.46989	88.9385	83.53139
4.97778E12	1.35733E-5	3464.45716	4.97778E12	9.79583E-6	3637.37938	172.92222	89.1375	83.78472
4.98889E12	1.36327E-5	3472.13996	4.98889E12	9.54231E-6	3645.51796	173.378	89.3364	84.0416
5E12	1.36631E-5	3479.82101	5E12	9.20674E-6	3653.65892	173.83791	89.5354	84.30251
5.01111E12	1.36722E-5	3487.50017	5.01111E12	8.80012E-6	3661.80272	174.30255	89.7344	84.56815
5.02222E12	1.36688E-5	3495.17745	5.02222E12	8.33405E-6	3669.94989	174.77243	89.9333	84.83913
5.03333E12	1.36628E-5	3502.85304	5.03333E12	7.82043E-6	3678.10104	175.248	90.1323	85.1157
5.04444E12	1.36643E-5	3510.52732	5.04444E12	7.27118E-6	3686.25688	175.72956	90.3313	85.39826
5.05556E12	1.36825E-5	3518.20086	5.05556E12	6.69798E-6	3694.41824	176.21737	90.5302	85.68717
5.06667E12	1.37254E-5	3525.87445	5.06667E12	6.112E-6	3702.58612	176.71167	90.7292	85.98247
5.07778E12	1.37987E-5	3533.54898	5.07778E12	5.52373E-6	3710.76178	177.21279	90.9282	86.28459
5.08889E12	1.3906E-5	3541.22543	5.08889E12	4.94285E-6	3718.94677	177.72134	91.1271	86.59424
5.1E12	1.40478E-5	3548.90477	5.1E12	4.37821E-6	3727.14318	178.23841	91.3261	86.91231
5.11111E12	1.42225E-5	3556.58789	5.11111E12	3.83799E-6	3735.3538	178.76591	91.5251	87.24081
5.12222E12	1.44264E-5	3564.27553	5.12222E12	3.33009E-6	3743.58257	179.30704	91.724	87.58304
5.13333E12	1.46541E-5	3571.96826	5.13333E12	2.863E-6	3751.83504	179.86678	91.923	87.94378
5.14444E12	1.49001E-5	3579.66643	5.14444E12	2.44724E-6	3760.11887	180.45244	92.122	88.33044
5.15556E12	1.51583E-5	3587.37022	5.15556E12	2.09737E-6	3768.4435	181.07328	92.3209	88.75238
5.16667E12	1.54237E-5	3595.07961	5.16667E12	1.83385E-6	3776.81672	181.73711	92.5199	89.21721
5.17778E12	1.5692E-5	3602.79443	5.17778E12	1.68096E-6	3785.23506	182.44063	92.7189	89.72173
5.18889E12	1.59602E-5	3610.5144	5.18889E12	1.65594E-6	3793.673	183.1586	92.9178	90.2408
5.2E12	1.62266E-5	3618.2391	5.2E12	1.75466E-6	3802.09117	183.85208	93.1168	90.73528
5.21111E12	1.64908E-5	3625.96806	5.21111E12	1.95219E-6	3810.46276	184.4947	93.3158	91.1789
5.22222E12	1.67533E-5	3633.70073	5.22222E12	2.2181E-6	3818.78329	185.08256	93.5147	91.56786
5.23333E12	1.70154E-5	3641.43654	5.23333E12	2.52754E-6	3827.06044	185.6239	93.7137	91.9102
5.24444E12	1.72788E-5	3649.17485	5.24444E12	2.86297E-6	3835.30393	186.12908	93.9127	92.21638
5.25556E12	1.75451E-5	3656.91505	5.25556E12	3.2121E-6	3843.52182	186.60676	94.1116	92.49516
5.26667E12	1.7816E-5	3664.65653	5.26667E12	3.56578E-6	3851.72	187.06347	94.3106	92.75287
5.27778E12	1.80926E-5	3672.39869	5.27778E12	3.91654E-6	3859.90267	187.50398	94.5096	92.99438
5.28889E12	1.83753E-5	3680.14101	5.28889E12	4.25788E-6	3868.07285	187.93185	94.7085	93.22335
5.3E12	1.86642E-5	3687.88299	5.3E12	4.58392E-6	3876.23276	188.34977	94.9075	93.44227
5.31111E12	1.89583E-5	3695.62425	5.31111E12	4.88922E-6	3884.38406	188.75981	95.1065	93.65331
5.32222E12	1.92563E-5	3703.36445	5.32222E12	5.16882E-6	3892.52802	189.16357	95.3054	93.85817
5.33333E12	1.95564E-5	3711.10338	5.33333E12	5.4183E-6	3900.66565	189.56227	95.5044	94.05787
5.34444E12	1.98563E-5	3718.84089	5.34444E12	5.63385E-6	3908.79775	189.95686	95.7034	94.25346
5.35556E12	2.01534E-5	3726.57693	5.35556E12	5.81238E-6	3916.92496	190.34803	95.9024	94.44563
5.36667E12	2.0445E-5	3734.31152	5.36667E12	5.95161E-6	3925.04779	190.73627	96.1013	94.63497
5.37778E12	2.07286E-5	3742.04475	5.37778E12	6.05016E-6	3933.16665	191.1219	96.3003	94.8216
5.38889E12	2.10012E-5	3749.77677	5.38889E12	6.10762E-6	3941.28187	191.5051	96.4993	95.0058
5.4E12	2.12604E-5	3757.50778	5.4E12	6.12456E-6	3949.39371	191.88593	96.6982	95.18773
5.41111E12	2.15036E-5	3765.23801	5.41111E12	6.10254E-6	3957.5024	192.26438	96.8972	95.36718
5.42222E12	2.17288E-5	3772.96774	5.42222E12	6.04407E-6	3965.6081	192.64036	97.0962	95.54416
5.43333E12	2.19339E-5	3780.69722	5.43333E12	5.95251E-6	3973.71098	193.01376	97.2951	95.71866
5.44444E12	2.21174E-5	3788.42673	5.44444E12	5.83194E-6	3981.81122	193.38448	97.4941	95.89038
5.45556E12	2.22783E-5	3796.15657	5.45556E12	5.68693E-6	3989.909	193.75244	97.6931	96.05934
5.46667E12	2.24161E-5	3803.88698	5.46667E12	5.52235E-6	3998.00459	194.11762	97.892	96.22562
5.47778E12	2.25308E-5	3811.61821	5.47778E12	5.34307E-6	4006.0983	194.48009	98.091	96.38909
5.48889E12	2.26234E-5	3819.35047	5.48889E12	5.1537E-6	4014.19053	194.84006	98.29	96.55006
5.5E12	2.26954E-5	3827.08397	5.5E12	4.95828E-6	4022.28179	195.19782	98.4889	96.70892
5.51111E12	2.27493E-5	3834.81884	5.51111E12	4.76004E-6	4030.37267	195.55383	98.6879	96.86593
5.52222E12	2.27883E-5	3842.55519	5.52222E12	4.56124E-6	4038.4638	195.90861	98.8869	97.02171
5.53333E12	2.28164E-5	3850.29308	5.53333E12	4.36301E-6	4046.55586	196.26278	99.0858	97.17698
5.54444E12	2.28379E-5	3858.0325	5.54444E12	4.1654E-6	4054.64944	196.61693	99.2848	97.33213
5.55556E12	2.2858E-5	3865.77341	5.55556E12	3.96741E-6	4062.745	196.97159	99.4838	97.48779
5.56667E12	2.28818E-5	3873.51568	5.56667E12	3.76712E-6	4070.8428	197.32712	99.6827	97.64442
5.57778E12	2.29145E-5	3881.25914	5.57778E12	3.56193E-6	4078.94275	197.68361	99.8817	97.80191
5.58889E12	2.29609E-5	3889.00354	5.58889E12	3.34875E-6	4087.04434	198.04079	100.081	97.95979
5.6E12	2.30255E-5	3896.7486	5.6E12	3.1242E-6	4095.14648	198.39788	100.28	98.11788
5.61111E12	2.31118E-5	3904.49399	5.61111E12	2.88491E-6	4103.24732	198.75334	100.479	98.27434
5.62222E12	2.32224E-5	3912.23933	5.62222E12	2.62785E-6	4111.34385	199.10452	100.678	98.42652
5.63333E12	2.33586E-5	3919.98426	5.63333E12	2.35089E-6	4119.43118	199.44692	100.877	98.56992
5.64444E12	2.35206E-5	3927.7284	5.64444E12	2.05391E-6	4127.50103	199.77262	101.076	98.69662
5.65556E12	2.37075E-5	3935.4714	5.65556E12	1.74125E-6	4135.53841	200.06701	101.274	98.79301
5.66667E12	2.39174E-5	3943.21294	5.66667E12	1.42779E-6	4143.51465	200.30171	101.473	98.82871
5.67778E12	2.41471E-5	3950.95275	5.67778E12	1.15456E-6	4151.37732	200.42457	101.672	98.75257
5.68889E12	2.4393E-5	3958.69063	5.68889E12	1.01634E-6	4159.07686	200.38622	101.871	98.51522
5.7E12	2.46512E-5	3966.42644	5.7E12	1.13042E-6	4166.71908	200.29264	102.07	98.22264
5.71111E12	2.49171E-5	3974.16009	5.71111E12	1.49139E-6	4174.49955	200.33946	102.269	98.07046
5.72222E12	2.51865E-5	3981.89158	5.72222E12	2.00959E-6	4182.427	200.53543	102.468	98.06743
5.73333E12	2.54552E-5	3989.62096	5.73333E12	2.62418E-6	4190.44052	200.81956	102.667	98.15256
5.74444E12	2.57194E-5	3997.34837	5.74444E12	3.30458E-6	4198.50052	201.15215	102.866	98.28615
5.75556E12	2.59754E-5	4005.07397	5.75556E12	4.03297E-6	4206.5866	201.51263	103.065	98.44763
5.76667E12	2.62203E-5	4012.798	5.76667E12	4.79607E-6	4214.68812	201.89012	103.264	98.62612
5.77778E12	2.64513E-5	4020.52074	5.77778E12	5.58205E-6	4222.79915	202.27841	103.463	98.81541
5.78889E12	2.6666E-5	4028.24249	5.78889E12	6.37934E-6	4230.91619	202.6737	103.662	99.0117
5.8E12	2.68625E-5	4035.96362	5.8E12	7.17635E-6	4239.03706	203.07344	103.861	99.21244
5.81111E12	2.7039E-5	4043.6845	5.81111E12	7.9615E-6	4247.16036	203.47587	104.06	99.41587
5.82222E12	2.71938E-5	4051.40552	5.82222E12	8.72336E-6	4255.28514	203.87962	104.259	99.62062
5.83333E12	2.73254E-5	4059.12711	5.83333E12	9.45096E-6	4263.41075	204.28364	104.458	99.82564
5.84444E12	2.74328E-5	4066.84967	5.84444E12	1.0134E-5	4271.53674	204.68707	104.657	100.03007
5.85556E12	2.75148E-5	4074.57363	5.85556E12	1.07632E-5	4279.66279	205.08915	104.856	100.23315
5.86667E12	2.75711E-5	4082.29939	5.86667E12	1.13305E-5	4287.78866	205.48927	105.055	100.43427
5.87778E12	2.76014E-5	4090.02732	5.87778E12	1.18289E-5	4295.91421	205.88689	105.254	100.63289
5.88889E12	2.76066E-5	4097.7578	5.88889E12	1.22533E-5	4304.03935	206.28155	105.453	100.82855
5.9E12	2.75883E-5	4105.49114	5.9E12	1.25999E-5	4312.16401	206.67288	105.652	101.02088
5.91111E12	2.7549E-5	4113.22762	5.91111E12	1.28663E-5	4320.28819	207.06057	105.851	101.20957
5.92222E12	2.74926E-5	4120.96746	5.92222E12	1.30516E-5	4328.4119	207.44444	106.05	101.39444
5.93333E12	2.74242E-5	4128.71082	5.93333E12	1.31565E-5	4336.5352	207.82438	106.249	101.57538
5.94444E12	2.735E-5	4136.45777	5.94444E12	1.31825E-5	4344.65814	208.20038	106.448	101.75238
5.95556E12	2.72771E-5	4144.20829	5.95556E12	1.31323E-5	4352.78085	208.57256	106.647	101.92556
5.96667E12	2.72134E-5	4151.96227	5.96667E12	1.30095E-5	4360.90344	208.94117	106.846	102.09517
5.97778E12	2.71668E-5	4159.71948	5.97778E12	1.28181E-5	4369.02605	209.30658	107.045	102.26158
5.98889E12	2.71449E-5	4167.47957	5.98889E12	1.25627E-5	4377.14885	209.66929	107.244	102.42529
6E12	2.71545E-5	4175.24209	6E12	1.22484E-5	4385.27202	210.02993	107.442	102.58793
6.01111E12	2.72006E-5	4183.00652	6.01111E12	1.18803E-5	4393.39575	210.38923	107.641	102.74823
6.02222E12	2.7286E-5	4190.77222	6.02222E12	1.14639E-5	4401.52024	210.74802	107.84	102.90802
6.03333E12	2.74109E-5	4198.53855	6.03333E12	1.10046E-5	4409.64571	211.10715	108.039	103.06815
6.04444E12	2.75727E-5	4206.30485	6.04444E12	1.0508E-5	4417.77237	211.46752	108.238	103.22952
6.05556E12	2.77661E-5	4214.07047	6.05556E12	9.97986E-6	4425.90046	211.82999	108.437	103.39299
6.06667E12	2.79832E-5	4221.83484	6.06667E12	9.4261E-6	4434.03022	212.19538	108.636	103.55938
6.07778E12	2.82138E-5	4229.59747	6.07778E12	8.85274E-6	4442.16192	212.56445	108.835	103.72945
6.08889E12	2.84466E-5	4237.35795	6.08889E12	8.26601E-6	4450.29585	212.9379	109.034	103.9039
6.1E12	2.86693E-5	4245.11601	6.1E12	7.67232E-6	4458.43236	213.31635	109.233	104.08335
6.11111E12	2.88695E-5	4252.87143	6.11111E12	7.07829E-6	4466.57184	213.70041	109.432	104.26841
6.12222E12	2.90354E-5	4260.62413	6.12222E12	6.49066E-6	4474.71478	214.09065	109.631	104.45965
6.13333E12	2.91563E-5	4268.3741	6.13333E12	5.91631E-6	4482.86178	214.48769	109.83	104.65769
6.14444E12	2.92231E-5	4276.12139	6.14444E12	5.36217E-6	4491.01357	214.89218	110.029	104.86318
6.15556E12	2.92286E-5	4283.86615	6.15556E12	4.83516E-6	4499.17107	215.30491	110.228	105.07691
6.16667E12	2.91674E-5	4291.60856	6.16667E12	4.34211E-6	4507.33533	215.72677	110.427	105.29977
6.17778E12	2.90365E-5	4299.34887	6.17778E12	3.88968E-6	4515.50758	216.15871	110.626	105.53271
6.18889E12	2.88347E-5	4307.08736	6.18889E12	3.48425E-6	4523.68903	216.60167	110.825	105.77667
6.2E12	2.85628E-5	4314.82437	6.2E12	3.13169E-6	4531.88064	217.05627	111.024	106.03227
6.21111E12	2.82232E-5	4322.56028	6.21111E12	2.8371E-6	4540.08265	217.52237	111.223	106.29937
6.22222E12	2.78197E-5	4330.29551	6.22222E12	2.60422E-6	4548.29399	217.99848	111.422	106.57648
6.23333E12	2.73574E-5	4338.03052	6.23333E12	2.43479E-6	4556.51182	218.4813	111.621	106.8603
6.24444E12	2.68423E-5	4345.76582	6.24444E12	2.32784E-6	4564.73159	218.96577	111.82	107.14577
6.25556E12	2.62811E-5	4353.50194	6.25556E12	2.2795E-6	4572.94786	219.44592	112.019	107.42692
6.26667E12	2.56812E-5	4361.23946	6.26667E12	2.28349E-6	4581.15579	219.91633	112.218	107.69833
6.27778E12	2.50506E-5	4368.97896	6.27778E12	2.33214E-6	4589.3523	220.37334	112.417	107.95634
6.28889E12	2.43979E-5	4376.72104	6.28889E12	2.41754E-6	4597.5365	220.81547	112.616	108.19947
6.3E12	2.37322E-5	4384.46628	6.3E12	2.53223E-6	4605.70931	221.24302	112.815	108.42802
6.31111E12	2.30636E-5	4392.21526	6.31111E12	2.6695E-6	4613.87269	221.65743	113.014	108.64343
6.32222E12	2.24029E-5	4399.96847	6.32222E12	2.82326E-6	4622.02903	222.06055	113.213	108.84755
6.33333E12	2.17614E-5	4407.72632	6.33333E12	2.988E-6	4630.1806	222.45428	113.411	109.04328
6.34444E12	2.11515E-5	4415.48906	6.34444E12	3.15858E-6	4638.32937	222.8403	113.61	109.2303
6.35556E12	2.05855E-5	4423.25678	6.35556E12	3.33034E-6	4646.47689	223.22011	113.809	109.41111
6.36667E12	2.00754E-5	4431.02933	6.36667E12	3.4991E-6	4654.62433	223.595	114.008	109.587
6.37778E12	1.96322E-5	4438.80626	6.37778E12	3.66136E-6	4662.77245	223.96619	114.207	109.75919
6.38889E12	1.92647E-5	4446.58687	6.38889E12	3.81444E-6	4670.92174	224.33487	114.406	109.92887
6.4E12	1.89785E-5	4454.37018	6.4E12	3.95658E-6	4679.07241	224.70223	114.605	110.09723
6.41111E12	1.87752E-5	4462.155	6.41111E12	4.08701E-6	4687.22447	225.06947	114.804	110.26547
6.42222E12	1.8652E-5	4469.93999	6.42222E12	4.20601E-6	4695.37771	225.43771	115.003	110.43471
6.43333E12	1.86013E-5	4477.72384	6.43333E12	4.31478E-6	4703.53174	225.8079	115.202	110.6059
6.44444E12	1.86118E-5	4485.5053	6.44444E12	4.4154E-6	4711.68605	226.18075	115.401	110.77975
6.45556E12	1.86687E-5	4493.28331	6.45556E12	4.51061E-6	4719.83994	226.55663	115.6	110.95663
6.46667E12	1.87556E-5	4501.05703	6.46667E12	4.60367E-6	4727.99262	226.9356	115.799	111.1366
6.47778E12	1.88552E-5	4508.82585	6.47778E12	4.69814E-6	4736.14324	227.31739	115.998	111.31939
6.48889E12	1.89512E-5	4516.58938	6.48889E12	4.79772E-6	4744.29091	227.70153	116.197	111.50453
6.5E12	1.90289E-5	4524.34743	6.5E12	4.90615E-6	4752.43481	228.08738	116.396	111.69138
6.51111E12	1.9076E-5	4532.09993	6.51111E12	5.02707E-6	4760.57426	228.47433	116.595	111.87933
6.52222E12	1.90832E-5	4539.84691	6.52222E12	5.16403E-6	4768.70876	228.86186	116.794	112.06786
6.53333E12	1.90448E-5	4547.58848	6.53333E12	5.32035E-6	4776.83809	229.24961	116.993	112.25661
6.54444E12	1.89578E-5	4555.32481	6.54444E12	5.49905E-6	4784.96231	229.6375	117.192	112.4455
6.55556E12	1.88229E-5	4563.05611	6.55556E12	5.70273E-6	4793.08178	230.02568	117.391	112.63468
6.56667E12	1.86431E-5	4570.7826	6.56667E12	5.9333E-6	4801.19711	230.41451	117.59	112.82451
6.57778E12	1.84242E-5	4578.50459	6.57778E12	6.19178E-6	4809.30911	230.80452	117.789	113.01552
6.58889E12	1.81733E-5	4586.22241	6.58889E12	6.47804E-6	4817.41869	231.19628	117.988	113.20828
6.6E12	1.78989E-5	4593.93645	6.6E12	6.79064E-6	4825.52679	231.59034	118.187	113.40334
6.61111E12	1.761E-5	4601.6472	6.61111E12	7.12678E-6	4833.6343	231.98711	118.386	113.60111
6.62222E12	1.73155E-5	4609.35519	6.62222E12	7.48229E-6	4841.74199	232.3868	118.585	113.8018
6.63333E12	1.70234E-5	4617.06105	6.63333E12	7.85188E-6	4849.85047	232.78942	118.784	114.00542
6.64444E12	1.67408E-5	4624.76547	6.64444E12	8.22934E-6	4857.96022	233.19475	118.983	114.21175
6.65556E12	1.64731E-5	4632.46919	6.65556E12	8.60794E-6	4866.07155	233.60237	119.182	114.42037
6.66667E12	1.62243E-5	4640.17295	6.66667E12	8.98078E-6	4874.18467	234.01172	119.381	114.63072
6.67778E12	1.59969E-5	4647.8775	6.67778E12	9.34119E-6	4882.29967	234.42216	119.579	114.84316
6.68889E12	1.57919E-5	4655.58356	6.68889E12	9.68306E-6	4890.41658	234.83302	119.778	115.05502
6.7E12	1.56095E-5	4663.29174	6.7E12	1.00011E-5	4898.53538	235.24363	119.977	115.26663
6.71111E12	1.54492E-5	4671.0026	6.71111E12	1.02912E-5	4906.65601	235.65341	120.176	115.47741
6.72222E12	1.53104E-5	4678.71656	6.72222E12	1.05504E-5	4914.77841	236.06185	120.375	115.68685
6.73333E12	1.51924E-5	4686.43395	6.73333E12	1.0777E-5	4922.9025	236.46854	120.574	115.89454
6.74444E12	1.5095E-5	4694.15497	6.74444E12	1.09707E-5	4931.02819	236.87322	120.773	116.10022
6.75556E12	1.50186E-5	4701.87971	6.75556E12	1.11323E-5	4939.1554	237.27569	120.972	116.30369
6.76667E12	1.49641E-5	4709.60816	6.76667E12	1.12635E-5	4947.28404	237.67588	121.171	116.50488
6.77778E12	1.49329E-5	4717.34022	6.77778E12	1.13668E-5	4955.41402	238.0738	121.37	116.7038
6.78889E12	1.49267E-5	4725.07573	6.78889E12	1.14453E-5	4963.54525	238.46952	121.569	116.90052
6.8E12	1.49474E-5	4732.81444	6.8E12	1.15021E-5	4971.67761	238.86317	121.768	117.09517
6.81111E12	1.49968E-5	4740.55607	6.81111E12	1.154E-5	4979.81097	239.2549	121.967	117.2879
6.82222E12	1.50764E-5	4748.30031	6.82222E12	1.15614E-5	4987.94517	239.64487	122.166	117.47887
6.83333E12	1.51872E-5	4756.04683	6.83333E12	1.15679E-5	4996.08006	240.03324	122.365	117.66824
6.84444E12	1.53296E-5	4763.79531	6.84444E12	1.156E-5	5004.21545	240.42014	122.564	117.85614
6.85556E12	1.5503E-5	4771.54545	6.85556E12	1.15372E-5	5012.35113	240.80567	122.763	118.04267
6.86667E12	1.57062E-5	4779.29697	6.86667E12	1.14973E-5	5020.48688	241.1899	122.962	118.2279
6.87778E12	1.59373E-5	4787.04965	6.87778E12	1.14372E-5	5028.62249	241.57284	123.161	118.41184
6.88889E12	1.61934E-5	4794.80328	6.88889E12	1.13523E-5	5036.75775	241.95447	123.36	118.59447
6.9E12	1.64713E-5	4802.55772	6.9E12	1.12372E-5	5044.89244	242.33472	123.559	118.77572
6.91111E12	1.6767E-5	4810.31288	6.91111E12	1.10858E-5	5053.02638	242.7135	123.758	118.9555
6.92222E12	1.70766E-5	4818.06866	6.92222E12	1.08916E-5	5061.15938	243.09072	123.957	119.13372
6.93333E12	1.73959E-5	4825.82505	6.93333E12	1.06481E-5	5069.2913	243.46625	124.156	119.31025
6.94444E12	1.77208E-5	4833.582	6.94444E12	1.03495E-5	5077.42199	243.83999	124.355	119.48499
6.95556E12	1.80475E-5	4841.33951	6.95556E12	9.99068E-6	5085.55133	244.21182	124.554	119.65782
6.96667E12	1.83726E-5	4849.09756	6.96667E12	9.56819E-6	5093.67922	244.58166	124.753	119.82866
6.97778E12	1.86931E-5	4856.85614	6.97778E12	9.08017E-6	5101.80557	244.94943	124.952	119.99743
6.98889E12	1.90067E-5	4864.6152	6.98889E12	8.52682E-6	5109.93032	245.31512	125.151	120.16412
7E12	1.93116E-5	4872.37471	7E12	7.91061E-6	5118.05345	245.67874	125.35	120.32874
7.01111E12	1.96066E-5	4880.1346	7.01111E12	7.23632E-6	5126.17498	246.04038	125.549	120.49138
7.02222E12	1.98912E-5	4887.89476	7.02222E12	6.51102E-6	5134.29501	246.40025	125.747	120.65325
7.03333E12	2.01651E-5	4895.65511	7.03333E12	5.74389E-6	5142.41383	246.75872	125.946	120.81272
7.04444E12	2.04285E-5	4903.4155	7.04444E12	4.94596E-6	5150.53203	247.11653	126.145	120.97153
7.05556E12	2.06817E-5	4911.1758	7.05556E12	4.12965E-6	5158.65087	247.47507	126.344	121.13107
7.06667E12	2.09253E-5	4918.93585	7.06667E12	3.30845E-6	5166.77302	247.83717	126.543	121.29417
7.07778E12	2.11595E-5	4926.69549	7.07778E12	2.49656E-6	5174.90485	248.20936	126.742	121.46736
7.08889E12	2.13848E-5	4934.45458	7.08889E12	1.70977E-6	5183.06421	248.60963	126.941	121.66863
7.1E12	2.16009E-5	4942.21298	7.1E12	9.72427E-7	5191.32042	249.10744	127.14	121.96744
7.11111E12	2.18075E-5	4949.97055	7.11111E12	4.0539E-7	5200.15133	250.18077	127.339	122.84177
7.12222E12	2.20038E-5	4957.72721	7.12222E12	6.34679E-7	5209.6057	251.87848	127.538	124.34048
7.13333E12	2.21888E-5	4965.48289	7.13333E12	1.21195E-6	5217.98258	252.49968	127.737	124.76268
7.14444E12	2.23609E-5	4973.23756	7.14444E12	1.78306E-6	5226.14351	252.90595	127.936	124.96995
7.15556E12	2.25183E-5	4980.99123	7.15556E12	2.31946E-6	5234.24651	253.25528	128.135	125.12028
7.16667E12	2.2659E-5	4988.74394	7.16667E12	2.82078E-6	5242.3245	253.58056	128.334	125.24656
7.17778E12	2.27809E-5	4996.49577	7.17778E12	3.29212E-6	5250.38916	253.89339	128.533	125.36039
7.18889E12	2.28815E-5	5004.24685	7.18889E12	3.73973E-6	5258.44647	254.19962	128.732	125.46762
7.2E12	2.29589E-5	5011.99733	7.2E12	4.16876E-6	5266.50042	254.50309	128.931	125.57209
7.21111E12	2.30109E-5	5019.74739	7.21111E12	4.58175E-6	5274.55407	254.80668	129.13	125.67668
7.22222E12	2.3036E-5	5027.49723	7.22222E12	4.97768E-6	5282.60983	255.11259	129.329	125.78359
7.23333E12	2.3033E-5	5035.24709	7.23333E12	5.3517E-6	5290.66955	255.42246	129.528	125.89446
7.24444E12	2.30012E-5	5042.9972	7.24444E12	5.69552E-6	5298.73457	255.73737	129.727	126.01037
7.25556E12	2.29408E-5	5050.74781	7.25556E12	5.99825E-6	5306.80576	256.05796	129.926	126.13196
7.26667E12	2.28529E-5	5058.49916	7.26667E12	6.24763E-6	5314.88366	256.38451	130.125	126.25951
7.27778E12	2.27394E-5	5066.25148	7.27778E12	6.43127E-6	5322.96856	256.71708	130.324	126.39308
7.28889E12	2.26034E-5	5074.005	7.28889E12	6.53799E-6	5331.06065	257.05565	130.523	126.53265
7.3E12	2.24492E-5	5081.75992	7.3E12	6.5589E-6	5339.16013	257.40021	130.722	126.67821
7.31111E12	2.22819E-5	5089.51639	7.31111E12	6.48844E-6	5347.26731	257.75092	130.921	126.82992
7.32222E12	2.2108E-5	5097.27452	7.32222E12	6.3251E-6	5355.38276	258.10824	131.12	126.98824
7.33333E12	2.19346E-5	5105.03435	7.33333E12	6.07206E-6	5363.50739	258.47304	131.319	127.15404
7.34444E12	2.17695E-5	5112.79585	7.34444E12	5.73762E-6	5371.64266	258.84681	131.518	127.32881
7.35556E12	2.16212E-5	5120.55891	7.35556E12	5.33557E-6	5379.79079	259.23188	131.717	127.51488
7.36667E12	2.14977E-5	5128.32331	7.36667E12	4.8856E-6	5387.95496	259.63166	131.915	127.71666
7.37778E12	2.14072E-5	5136.08873	7.37778E12	4.41366E-6	5396.13951	260.05078	132.114	127.93678
7.38889E12	2.13565E-5	5143.85475	7.38889E12	3.95241E-6	5404.34972	260.49497	132.313	128.18197
7.4E12	2.13515E-5	5151.62089	7.4E12	3.54085E-6	5412.59045	260.96956	132.512	128.45756
7.41111E12	2.13964E-5	5159.38657	7.41111E12	3.22109E-6	5420.86247	261.47589	132.711	128.76489
7.42222E12	2.14935E-5	5167.15121	7.42222E12	3.02909E-6	5429.15676	262.00556	132.91	129.09556
7.43333E12	2.16433E-5	5174.91419	7.43333E12	2.97993E-6	5437.45246	262.53827	133.109	129.42927
7.44444E12	2.18442E-5	5182.67497	7.44444E12	3.05896E-6	5445.72491	263.04994	133.308	129.74194
7.45556E12	2.20931E-5	5190.43302	7.45556E12	3.23044E-6	5453.95782	263.52479	133.507	130.01779
7.46667E12	2.23851E-5	5198.18795	7.46667E12	3.45599E-6	5462.14691	263.95896	133.706	130.25296
7.47778E12	2.27145E-5	5205.93942	7.47778E12	3.70776E-6	5470.2954	264.35598	133.905	130.45098
7.48889E12	2.3075E-5	5213.68722	7.48889E12	3.9722E-6	5478.40924	264.72201	134.104	130.61801
7.5E12	2.34597E-5	5221.43125	7.5E12	4.24843E-6	5486.49482	265.06357	134.303	130.76057
7.51111E12	2.3862E-5	5229.17147	7.51111E12	4.54435E-6	5494.55858	265.38711	134.502	130.88511
7.52222E12	2.42754E-5	5236.90795	7.52222E12	4.87185E-6	5502.60703	265.69907	134.701	130.99807
7.53333E12	2.46941E-5	5244.64083	7.53333E12	5.24194E-6	5510.64662	266.00579	134.9	131.10579
7.54444E12	2.51127E-5	5252.3703	7.54444E12	5.6606E-6	5518.68334	266.31304	135.099	131.21404
7.55556E12	2.55264E-5	5260.0966	7.55556E12	6.12637E-6	5526.72207	266.62547	135.298	131.32747
7.56667E12	2.59312E-5	5267.81999	7.56667E12	6.62996E-6	5534.76626	266.94627	135.497	131.44927
7.57778E12	2.63234E-5	5275.54079	7.57778E12	7.15555E-6	5542.81791	267.27712	135.696	131.58112
7.58889E12	2.66999E-5	5283.2593	7.58889E12	7.68296E-6	5550.87779	267.6185	135.895	131.7235
7.6E12	2.70579E-5	5290.97585	7.6E12	8.18994E-6	5558.94589	267.97004	136.094	131.87604
7.61111E12	2.73948E-5	5298.69077	7.61111E12	8.65422E-6	5567.02168	268.33091	136.293	132.03791
7.62222E12	2.77082E-5	5306.40438	7.62222E12	9.0552E-6	5575.10444	268.70006	136.492	132.20806
7.63333E12	2.79958E-5	5314.11702	7.63333E12	9.37507E-6	5583.1934	269.07638	136.691	132.38538
7.64444E12	2.82555E-5	5321.82897	7.64444E12	9.59981E-6	5591.2878	269.45883	136.89	132.56883
7.65556E12	2.84852E-5	5329.54054	7.65556E12	9.71963E-6	5599.387	269.84646	137.089	132.75746
7.66667E12	2.86829E-5	5337.25199	7.66667E12	9.72939E-6	5607.49046	270.23847	137.288	132.95047
7.67778E12	2.88471E-5	5344.96359	7.67778E12	9.6286E-6	5615.59776	270.63417	137.487	133.14717
7.68889E12	2.89765E-5	5352.67555	7.68889E12	9.42129E-6	5623.70857	271.03302	137.686	133.34702
7.7E12	2.90704E-5	5360.38809	7.7E12	9.11575E-6	5631.82269	271.4346	137.885	133.5496
7.71111E12	2.91287E-5	5368.10141	7.71111E12	8.72396E-6	5639.94003	271.83861	138.083	133.75561
7.72222E12	2.91521E-5	5375.81569	7.72222E12	8.26102E-6	5648.06059	272.2449	138.282	133.9629
7.73333E12	2.91418E-5	5383.53108	7.73333E12	7.74444E-6	5656.18448	272.65341	138.481	134.17241
7.74444E12	2.91002E-5	5391.24773	7.74444E12	7.19329E-6	5664.31191	273.06418	138.68	134.38418
7.75556E12	2.90303E-5	5398.96581	7.75556E12	6.62744E-6	5672.44314	273.47734	138.879	134.59834
7.76667E12	2.8936E-5	5406.68543	7.76667E12	6.06665E-6	5680.57847	273.89304	139.078	134.81504
7.77778E12	2.88219E-5	5414.40675	7.77778E12	5.52976E-6	5688.71813	274.31138	139.277	135.03438
7.78889E12	2.86932E-5	5422.1299	7.78889E12	5.0339E-6	5696.86214	274.73224	139.476	135.25624
7.8E12	2.85556E-5	5429.85501	7.8E12	4.59369E-6	5705.01009	275.15508	139.675	135.48008
7.81111E12	2.84149E-5	5437.58223	7.81111E12	4.22056E-6	5713.16098	275.57875	139.874	135.70475
7.82222E12	2.82772E-5	5445.31168	7.82222E12	3.92214E-6	5721.31296	276.00128	140.073	135.92828
7.83333E12	2.81483E-5	5453.04347	7.83333E12	3.702E-6	5729.46349	276.42001	140.272	136.14801
7.84444E12	2.80338E-5	5460.77773	7.84444E12	3.5597E-6	5737.60971	276.83198	140.471	136.36098
7.85556E12	2.79388E-5	5468.51452	7.85556E12	3.49134E-6	5745.7491	277.23458	140.67	136.56458
7.86667E12	2.78677E-5	5476.25392	7.86667E12	3.4903E-6	5753.88017	277.62625	140.869	136.75725
7.87778E12	2.78242E-5	5483.99594	7.87778E12	3.54806E-6	5762.00274	278.0068	141.068	136.9388
7.88889E12	2.7811E-5	5491.74058	7.88889E12	3.65475E-6	5770.11782	278.37723	141.267	137.11023
7.9E12	2.78298E-5	5499.48779	7.9E12	3.79941E-6	5778.22713	278.73934	141.466	137.27334
7.91111E12	2.78812E-5	5507.23746	7.91111E12	3.97026E-6	5786.33263	279.09517	141.665	137.43017
7.92222E12	2.79649E-5	5514.98947	7.92222E12	4.15487E-6	5794.43614	279.44667	141.864	137.58267
7.93333E12	2.80791E-5	5522.74364	7.93333E12	4.34061E-6	5802.53912	279.79548	142.063	137.73248
7.94444E12	2.82211E-5	5530.49977	7.94444E12	4.51506E-6	5810.6427	280.14293	142.262	137.88093
7.95556E12	2.83871E-5	5538.25763	7.95556E12	4.66656E-6	5818.74769	280.49006	142.461	138.02906
7.96667E12	2.85724E-5	5546.01697	7.96667E12	4.78463E-6	5826.85471	280.83774	142.66	138.17774
7.97778E12	2.87714E-5	5553.77752	7.97778E12	4.86047E-6	5834.96424	281.18672	142.859	138.32772
7.98889E12	2.89779E-5	5561.53904	7.98889E12	4.88719E-6	5843.07677	281.53773	143.058	138.47973
8E12	2.91853E-5	5569.30125	8E12	4.86014E-6	5851.19282	281.89157	143.257	138.63457
8.01111E12	2.93866E-5	5577.06391	8.01111E12	4.777E-6	5859.31306	282.24915	143.456	138.79315
8.02222E12	2.9575E-5	5584.82678	8.02222E12	4.63788E-6	5867.43837	282.61158	143.655	138.95658
8.03333E12	2.9744E-5	5592.58963	8.03333E12	4.44538E-6	5875.56994	282.9803	143.854	139.1263
8.04444E12	2.98874E-5	5600.35225	8.04444E12	4.20456E-6	5883.70942	283.35717	144.052	139.30517
8.05556E12	3E-5	5608.11444	8.05556E12	3.92305E-6	5891.85909	283.74465	144.251	139.49365
8.06667E12	3.00771E-5	5615.87602	8.06667E12	3.6112E-6	5900.0221	284.14608	144.45	139.69608
8.07778E12	3.01154E-5	5623.63681	8.07778E12	3.2824E-6	5908.2027	284.56589	144.649	139.91689
8.08889E12	3.01124E-5	5631.39667	8.08889E12	2.95374E-6	5916.40644	285.00978	144.848	140.16178
8.1E12	3.00669E-5	5639.15543	8.1E12	2.64667E-6	5924.63975	285.48432	145.047	140.43732
8.11111E12	2.99789E-5	5646.91299	8.11111E12	2.38723E-6	5932.90808	285.99509	145.246	140.74909
8.12222E12	2.98494E-5	5654.66921	8.12222E12	2.20373E-6	5941.2113	286.5421	145.445	141.0971
8.13333E12	2.96805E-5	5662.424	8.13333E12	2.11929E-6	5949.53789	287.11389	145.644	141.46989
8.14444E12	2.94753E-5	5670.17729	8.14444E12	2.14077E-6	5957.86507	287.68779	145.843	141.84479
8.15556E12	2.92373E-5	5677.92901	8.15556E12	2.25376E-6	5966.16997	288.24096	146.042	142.19896
8.16667E12	2.8971E-5	5685.67913	8.16667E12	2.42997E-6	5974.4408	288.76167	146.241	142.52067
8.17778E12	2.86806E-5	5693.42767	8.17778E12	2.63923E-6	5982.67733	289.24967	146.44	142.80967
8.18889E12	2.8371E-5	5701.17464	8.18889E12	2.85656E-6	5990.88501	289.71037	146.639	143.07137
8.2E12	2.80464E-5	5708.92011	8.2E12	3.06362E-6	5999.07034	290.15023	146.838	143.31223
8.21111E12	2.77107E-5	5716.66418	8.21111E12	3.24787E-6	6007.23897	290.57479	147.037	143.53779
8.22222E12	2.73673E-5	5724.407	8.22222E12	3.40127E-6	6015.3953	290.9883	147.236	143.7523
8.23333E12	2.70186E-5	5732.14872	8.23333E12	3.51922E-6	6023.54257	291.39385	147.435	143.95885
8.24444E12	2.66658E-5	5739.88954	8.24444E12	3.59985E-6	6031.68316	291.79363	147.634	144.15963
8.25556E12	2.63095E-5	5747.62968	8.25556E12	3.64351E-6	6039.81883	292.18916	147.833	144.35616
8.26667E12	2.59488E-5	5755.36935	8.26667E12	3.6524E-6	6047.95081	292.58146	148.032	144.54946
8.27778E12	2.55818E-5	5763.1088	8.27778E12	3.63025E-6	6056.07999	292.97119	148.231	144.74019
8.28889E12	2.52058E-5	5770.84824	8.28889E12	3.58206E-6	6064.20692	293.35868	148.43	144.92868
8.3E12	2.48172E-5	5778.58788	8.3E12	3.51379E-6	6072.3319	293.74402	148.629	145.11502
8.31111E12	2.44121E-5	5786.32791	8.31111E12	3.43214E-6	6080.45499	294.12708	148.828	145.29908
8.32222E12	2.39859E-5	5794.06849	8.32222E12	3.3442E-6	6088.576	294.50751	149.027	145.48051
8.33333E12	2.35346E-5	5801.80976	8.33333E12	3.25723E-6	6096.69456	294.8848	149.226	145.6588
8.34444E12	2.30539E-5	5809.5518	8.34444E12	3.17838E-6	6104.81011	295.25831	149.425	145.83331
8.35556E12	2.25402E-5	5817.29468	8.35556E12	3.11445E-6	6112.92201	295.62733	149.624	146.00333
8.36667E12	2.19909E-5	5825.03844	8.36667E12	3.07165E-6	6121.02967	295.99123	149.823	146.16823
8.37778E12	2.14038E-5	5832.78308	8.37778E12	3.05547E-6	6129.13265	296.34957	150.022	146.32757
8.38889E12	2.07779E-5	5840.52856	8.38889E12	3.07046E-6	6137.23084	296.70228	150.22	146.48228
8.4E12	2.01133E-5	5848.27485	8.4E12	3.12008E-6	6145.32457	297.04971	150.419	146.63071
8.41111E12	1.94111E-5	5856.02188	8.41111E12	3.2065E-6	6153.41453	297.39264	150.618	146.77464
8.42222E12	1.86733E-5	5863.76956	8.42222E12	3.33037E-6	6161.50173	297.73217	150.817	146.91517
8.43333E12	1.79028E-5	5871.51781	8.43333E12	3.49075E-6	6169.58731	298.06951	151.016	147.05351
8.44444E12	1.71035E-5	5879.2665	8.44444E12	3.685E-6	6177.67233	298.40582	151.215	147.19082
8.45556E12	1.62798E-5	5887.01555	8.45556E12	3.9088E-6	6185.75763	298.74207	151.414	147.32807
8.46667E12	1.54365E-5	5894.76485	8.46667E12	4.15636E-6	6193.84379	299.07894	151.613	147.46594
8.47778E12	1.45788E-5	5902.51429	8.47778E12	4.42056E-6	6201.93111	299.41681	151.812	147.60481
8.48889E12	1.37121E-5	5910.2638	8.48889E12	4.6933E-6	6210.01965	299.75585	152.011	147.74485
8.5E12	1.28417E-5	5918.01332	8.5E12	4.9658E-6	6218.1093	300.09598	152.21	147.88598
8.51111E12	1.19726E-5	5925.76281	8.51111E12	5.22891E-6	6226.19982	300.43701	152.409	148.02801
8.52222E12	1.11097E-5	5933.5123	8.52222E12	5.4735E-6	6234.29087	300.77857	152.608	148.17057
8.53333E12	1.02574E-5	5941.26187	8.53333E12	5.69076E-6	6242.38207	301.1202	152.807	148.3132
8.54444E12	9.41952E-6	5949.01169	8.54444E12	5.87259E-6	6250.47299	301.4613	153.006	148.4553
8.55556E12	8.59943E-6	5956.76206	8.55556E12	6.01187E-6	6258.56315	301.80109	153.205	148.59609
8.56667E12	7.79992E-6	5964.51345	8.56667E12	6.10281E-6	6266.65202	302.13857	153.404	148.73457
8.57778E12	7.02328E-6	5972.26655	8.57778E12	6.14118E-6	6274.73901	302.47246	153.603	148.86946
8.58889E12	6.27137E-6	5980.02242	8.58889E12	6.12458E-6	6282.82345	302.80103	153.802	148.99903
8.6E12	5.54582E-6	5987.78261	8.6E12	6.05265E-6	6290.90454	303.12193	154.001	149.12093
8.61111E12	4.84838E-6	5995.54947	8.61111E12	5.92724E-6	6298.98137	303.4319	154.2	149.2319
8.62222E12	4.18137E-6	6003.32662	8.62222E12	5.75255E-6	6307.05286	303.72624	154.399	149.32724
8.63333E12	3.54871E-6	6011.11981	8.63333E12	5.53525E-6	6315.11775	303.99793	154.598	149.39993
8.64444E12	2.95765E-6	6018.93844	8.64444E12	5.28453E-6	6323.17457	304.23613	154.797	149.43913
8.65556E12	2.4223E-6	6026.79802	8.65556E12	5.01209E-6	6331.22177	304.42375	154.996	149.42775
8.66667E12	1.97033E-6	6034.72253	8.66667E12	4.73196E-6	6339.2578	304.53527	155.195	149.34027
8.67778E12	1.65194E-6	6042.73756	8.67778E12	4.46005E-6	6347.28143	304.54387	155.394	149.14987
8.68889E12	1.53338E-6	6050.83133	8.68889E12	4.21315E-6	6355.29234	304.461	155.593	148.868
8.7E12	1.64222E-6	6058.91773	8.7E12	4.00728E-6	6363.29171	304.37399	155.792	148.58199
8.71111E12	1.92737E-6	6066.91833	8.71111E12	3.85511E-6	6371.28292	304.36458	155.991	148.37358
8.72222E12	2.31342E-6	6074.8295	8.72222E12	3.76324E-6	6379.27144	304.44194	156.19	148.25194
8.73333E12	2.74782E-6	6082.67782	8.73333E12	3.73029E-6	6387.26406	304.58623	156.388	148.19823
8.74444E12	3.20086E-6	6090.4861	8.74444E12	3.74698E-6	6395.26724	304.78114	156.587	148.19414
8.75556E12	3.65543E-6	6098.26876	8.75556E12	3.79841E-6	6403.28586	305.0171	156.786	148.2311
8.76667E12	4.10069E-6	6106.03449	8.76667E12	3.86732E-6	6411.32268	305.28819	156.985	148.30319
8.77778E12	4.52886E-6	6113.78857	8.77778E12	3.93718E-6	6419.3787	305.59013	157.184	148.40613
8.78889E12	4.93381E-6	6121.53431	8.78889E12	3.99422E-6	6427.45388	305.91957	157.383	148.53657
8.8E12	5.3104E-6	6129.2738	8.8E12	4.02857E-6	6435.54775	306.27395	157.582	148.69195
8.81111E12	5.65421E-6	6137.00842	8.81111E12	4.03471E-6	6443.6599	306.65148	157.781	148.87048
8.82222E12	5.96143E-6	6144.73908	8.82222E12	4.01162E-6	6451.79022	307.05114	157.98	149.07114
8.83333E12	6.22895E-6	6152.46634	8.83333E12	3.96282E-6	6459.93887	307.47253	158.179	149.29353
8.84444E12	6.45435E-6	6160.19054	8.84444E12	3.89619E-6	6468.10624	307.9157	158.378	149.5377
8.85556E12	6.63607E-6	6167.91186	8.85556E12	3.82375E-6	6476.29258	308.38071	158.577	149.80371
8.86667E12	6.77349E-6	6175.63034	8.86667E12	3.76088E-6	6484.49742	308.86708	158.776	150.09108
8.87778E12	6.86702E-6	6183.34591	8.87778E12	3.72479E-6	6492.71892	309.37301	158.975	150.39801
8.88889E12	6.91823E-6	6191.05842	8.88889E12	3.73208E-6	6500.95327	309.89485	159.174	150.72085
8.9E12	6.92993E-6	6198.76764	8.9E12	3.79549E-6	6509.19469	310.42705	159.373	151.05405
8.91111E12	6.90621E-6	6206.47332	8.91111E12	3.92112E-6	6517.43639	310.96307	159.572	151.39107
8.92222E12	6.85248E-6	6214.17515	8.92222E12	4.10716E-6	6525.67208	311.49693	159.771	151.72593
8.93333E12	6.77545E-6	6221.87287	8.93333E12	4.34481E-6	6533.89726	312.02438	159.97	152.05438
8.94444E12	6.683E-6	6229.56629	8.94444E12	4.62071E-6	6542.10967	312.54339	160.169	152.37439
8.95556E12	6.58405E-6	6237.25533	8.95556E12	4.91949E-6	6550.30898	313.05365	160.368	152.68565
8.96667E12	6.48815E-6	6244.94018	8.96667E12	5.22584E-6	6558.49605	313.55587	160.567	152.98887
8.97778E12	6.40511E-6	6252.62133	8.97778E12	5.52566E-6	6566.67239	314.05107	160.766	153.28507
8.98889E12	6.34436E-6	6260.29965	8.98889E12	5.80666E-6	6574.83971	314.54006	160.965	153.57506
9E12	6.31426E-6	6267.97645	9E12	6.0585E-6	6582.99969	315.02324	161.164	153.85924
9.01111E12	6.32148E-6	6275.65338	9.01111E12	6.27281E-6	6591.15392	315.50053	161.363	154.13753
9.02222E12	6.37042E-6	6283.33236	9.02222E12	6.44306E-6	6599.30386	315.9715	161.562	154.4095
9.03333E12	6.46304E-6	6291.0153	9.03333E12	6.56439E-6	6607.45087	316.43557	161.761	154.67457
9.04444E12	6.5989E-6	6298.70396	9.04444E12	6.63352E-6	6615.59626	316.8923	161.96	154.9323
9.05556E12	6.77566E-6	6306.39973	9.05556E12	6.64861E-6	6623.74131	317.34158	162.159	155.18258
9.06667E12	6.98968E-6	6314.10353	9.06667E12	6.60922E-6	6631.88735	317.78382	162.358	155.42582
9.07778E12	7.23669E-6	6321.81581	9.07778E12	6.51628E-6	6640.03578	318.21997	162.556	155.66397
9.08889E12	7.51238E-6	6329.53659	9.08889E12	6.37222E-6	6648.18817	318.65158	162.755	155.89658
9.1E12	7.81285E-6	6337.26555	9.1E12	6.18113E-6	6656.34631	319.08076	162.954	156.12676
9.11111E12	8.1348E-6	6345.00209	9.11111E12	5.94911E-6	6664.51224	319.51015	163.153	156.35715
9.12222E12	8.47559E-6	6352.74544	9.12222E12	5.68472E-6	6672.68838	319.94294	163.352	156.59094
9.13333E12	8.83321E-6	6360.49474	9.13333E12	5.39963E-6	6680.87749	320.38275	163.551	156.83175
9.14444E12	9.20613E-6	6368.24906	9.14444E12	5.10932E-6	6689.08257	320.83351	163.75	157.08351
9.15556E12	9.59309E-6	6376.00746	9.15556E12	4.83371E-6	6697.30649	321.29903	163.949	157.35003
9.16667E12	9.99298E-6	6383.76903	9.16667E12	4.59708E-6	6705.55116	321.78212	164.148	157.63412
9.17778E12	1.04046E-5	6391.53292	9.17778E12	4.42649E-6	6713.81616	322.28324	164.347	157.93624
9.18889E12	1.08269E-5	6399.29834	9.18889E12	4.34766E-6	6722.09732	322.79898	164.546	158.25298
9.2E12	1.12583E-5	6407.06458	9.2E12	4.37857E-6	6730.3864	323.32182	164.745	158.57682
9.21111E12	1.16975E-5	6414.83101	9.21111E12	4.52353E-6	6738.67305	323.84204	164.944	158.89804
9.22222E12	1.21432E-5	6422.59712	9.22222E12	4.77159E-6	6746.94826	324.35115	165.143	159.20815
9.23333E12	1.25939E-5	6430.36245	9.23333E12	5.10025E-6	6755.20682	324.84437	165.342	159.50237
9.24444E12	1.30488E-5	6438.12666	9.24444E12	5.48146E-6	6763.44747	325.32081	165.541	159.77981
9.25556E12	1.35072E-5	6445.88947	9.25556E12	5.88657E-6	6771.67163	325.78216	165.74	160.04216
9.26667E12	1.3969E-5	6453.65068	9.26667E12	6.28917E-6	6779.88193	326.23125	165.939	160.29225
9.27778E12	1.44347E-5	6461.41014	9.27778E12	6.66609E-6	6788.08128	326.67114	166.138	160.53314
9.28889E12	1.49054E-5	6469.16778	9.28889E12	6.99771E-6	6796.2724	327.10462	166.337	160.76762
9.3E12	1.53828E-5	6476.92357	9.3E12	7.26791E-6	6804.45768	327.53412	166.536	160.99812
9.31111E12	1.58692E-5	6484.67752	9.31111E12	7.46396E-6	6812.6392	327.96168	166.735	161.22668
9.32222E12	1.63672E-5	6492.4297	9.32222E12	7.57655E-6	6820.81876	328.38906	166.934	161.45506
9.33333E12	1.68798E-5	6500.18019	9.33333E12	7.5998E-6	6828.99803	328.81784	167.133	161.68484
9.34444E12	1.741E-5	6507.92914	9.34444E12	7.53136E-6	6837.17859	329.24946	167.332	161.91746
9.35556E12	1.79608E-5	6515.67668	9.35556E12	7.37248E-6	6845.36207	329.68539	167.531	162.15439
9.36667E12	1.85348E-5	6523.42298	9.36667E12	7.1281E-6	6853.55022	330.12724	167.73	162.39724
9.37778E12	1.91339E-5	6531.16823	9.37778E12	6.80699E-6	6861.74503	330.5768	167.929	162.6478
9.38889E12	1.97593E-5	6538.9126	9.38889E12	6.42186E-6	6869.94886	331.03626	168.128	162.90826
9.4E12	2.04114E-5	6546.65626	9.4E12	5.98948E-6	6878.16453	331.50827	168.327	163.18127
9.41111E12	2.10894E-5	6554.39938	9.41111E12	5.53086E-6	6886.39538	331.996	168.526	163.47
9.42222E12	2.17912E-5	6562.1421	9.42222E12	5.07133E-6	6894.64513	332.50303	168.724	163.77903
9.43333E12	2.25137E-5	6569.88455	9.43333E12	4.64013E-6	6902.91732	333.03276	168.923	164.10976
9.44444E12	2.32523E-5	6577.62683	9.44444E12	4.26881E-6	6911.21394	333.58711	169.122	164.46511
9.45556E12	2.40014E-5	6585.36902	9.45556E12	3.98714E-6	6919.53335	334.16433	169.321	164.84333
9.46667E12	2.47545E-5	6593.11117	9.46667E12	3.816E-6	6927.86831	334.75714	169.52	165.23714
9.47778E12	2.55038E-5	6600.85332	9.47778E12	3.7596E-6	6936.20664	335.35332	169.719	165.63432
9.48889E12	2.62412E-5	6608.59548	9.48889E12	3.80261E-6	6944.53549	335.94001	169.918	166.02201
9.5E12	2.69577E-5	6616.33766	9.5E12	3.91549E-6	6952.84615	336.5085	170.117	166.3915
9.51111E12	2.76444E-5	6624.07985	9.51111E12	4.06415E-6	6961.13575	337.0559	170.316	166.7399
9.52222E12	2.82921E-5	6631.82204	9.52222E12	4.2179E-6	6969.40575	337.58371	170.515	167.06871
9.53333E12	2.88921E-5	6639.56421	9.53333E12	4.35328E-6	6977.65972	338.09551	170.714	167.38151
9.54444E12	2.9436E-5	6647.30635	9.54444E12	4.45483E-6	6985.90177	338.59541	170.913	167.68241
9.55556E12	2.99162E-5	6655.04844	9.55556E12	4.51438E-6	6994.13571	339.08726	171.112	167.97526
9.56667E12	3.03261E-5	6662.79048	9.56667E12	4.53005E-6	7002.36485	339.57437	171.311	168.26337
9.57778E12	3.06602E-5	6670.53246	9.57778E12	4.50509E-6	7010.59193	340.05947	171.51	168.54947
9.58889E12	3.09143E-5	6678.27439	9.58889E12	4.44687E-6	7018.81903	340.54464	171.709	168.83564
9.6E12	3.10858E-5	6686.01628	9.6E12	4.36564E-6	7027.04759	341.03131	171.908	169.12331
9.61111E12	3.11732E-5	6693.75817	9.61111E12	4.27335E-6	7035.2782	341.52003	172.107	169.41303
9.62222E12	3.1177E-5	6701.50009	9.62222E12	4.18217E-6	7043.51051	342.01042	172.306	169.70442
9.63333E12	3.10989E-5	6709.24208	9.63333E12	4.10294E-6	7051.74307	342.50099	172.505	169.99599
9.64444E12	3.09422E-5	6716.98422	9.64444E12	4.04374E-6	7059.97345	342.98923	172.704	170.28523
9.65556E12	3.07114E-5	6724.72656	9.65556E12	4.00889E-6	7068.19845	343.47189	172.903	170.56889
9.66667E12	3.04126E-5	6732.4692	9.66667E12	3.99867E-6	7076.41469	343.94549	173.102	170.84349
9.67778E12	3.00528E-5	6740.21221	9.67778E12	4.01003E-6	7084.61906	344.40685	173.301	171.10585
9.68889E12	2.96398E-5	6747.95569	9.68889E12	4.03787E-6	7092.80917	344.85348	173.5	171.35348
9.7E12	2.91824E-5	6755.69973	9.7E12	4.07667E-6	7100.98351	345.28377	173.699	171.58477
9.71111E12	2.86898E-5	6763.44444	9.71111E12	4.12187E-6	7109.14143	345.69699	173.898	171.79899
9.72222E12	2.81715E-5	6771.18989	9.72222E12	4.17081E-6	7117.28304	346.09315	174.097	171.99615
9.73333E12	2.76372E-5	6778.93616	9.73333E12	4.22313E-6	7125.40907	346.47291	174.296	172.17691
9.74444E12	2.70964E-5	6786.68332	9.74444E12	4.28058E-6	7133.52082	346.83749	174.495	172.34249
9.75556E12	2.65582E-5	6794.43141	9.75556E12	4.34646E-6	7141.62007	347.18866	174.693	172.49566
9.76667E12	2.60315E-5	6802.18042	9.76667E12	4.42465E-6	7149.70909	347.52867	174.892	172.63667
9.77778E12	2.5524E-5	6809.93035	9.77778E12	4.51859E-6	7157.79048	347.86013	175.091	172.76913
9.78889E12	2.50429E-5	6817.68113	9.78889E12	4.63034E-6	7165.867	348.18587	175.29	172.89587
9.8E12	2.4594E-5	6825.43266	9.8E12	4.75993E-6	7173.94138	348.50872	175.489	173.01972
9.81111E12	2.41823E-5	6833.18479	9.81111E12	4.9052E-6	7182.01602	348.83123	175.688	173.14323
9.82222E12	2.3811E-5	6840.93737	9.82222E12	5.06202E-6	7190.0929	349.15553	175.887	173.26853
9.83333E12	2.34825E-5	6848.6902	9.83333E12	5.22489E-6	7198.17344	349.48324	176.086	173.39724
9.84444E12	2.31975E-5	6856.44305	9.84444E12	5.38767E-6	7206.25857	349.81552	176.285	173.53052
9.85556E12	2.29556E-5	6864.1957	9.85556E12	5.54429E-6	7214.34878	350.15308	176.484	173.66908
9.86667E12	2.27551E-5	6871.94795	9.86667E12	5.68938E-6	7222.44427	350.49631	176.683	173.81331
9.87778E12	2.25934E-5	6879.6996	9.87778E12	5.81868E-6	7230.54497	350.84537	176.882	173.96337
9.88889E12	2.24671E-5	6887.45049	9.88889E12	5.92931E-6	7238.65073	351.20024	177.081	174.11924
9.9E12	2.23719E-5	6895.20048	9.9E12	6.01988E-6	7246.76127	351.5608	177.28	174.2808
9.91111E12	2.23034E-5	6902.94949	9.91111E12	6.0904E-6	7254.87631	351.92682	177.479	174.44782
9.92222E12	2.22569E-5	6910.69749	9.92222E12	6.14214E-6	7262.99552	352.29803	177.678	174.62003
9.93333E12	2.22277E-5	6918.44449	9.93333E12	6.17738E-6	7271.11852	352.67403	177.877	174.79703
9.94444E12	2.22114E-5	6926.19054	9.94444E12	6.1991E-6	7279.24494	353.0544	178.076	174.9784
9.95556E12	2.22041E-5	6933.93573	9.95556E12	6.21066E-6	7287.37432	353.43859	178.275	175.16359
9.96667E12	2.22022E-5	6941.6802	9.96667E12	6.21539E-6	7295.50619	353.82599	178.474	175.35199
9.97778E12	2.22029E-5	6949.4241	9.97778E12	6.21633E-6	7303.63998	354.21588	178.673	175.54288
9.98889E12	2.22042E-5	6957.1676	9.98889E12	6.21586E-6	7311.7751	354.60749	178.872	175.73549
1E13	2.22048E-5	6964.91091	1E13	6.21553E-6	7319.91088	354.99997	179.071	175.92897