Frequency   σRe
5.0293E11	200.07456
5.07813E11	197.66322
5.12695E11	194.56189
5.17578E11	193.74859
5.22461E11	192.88499
5.27344E11	192.24033
5.32227E11	191.54265
5.37109E11	191.71792
5.41992E11	190.92332
5.46875E11	191.02073
5.51758E11	192.03927
5.56641E11	192.34454
5.61523E11	193.3245
5.66406E11	194.28943
5.71289E11	195.50893
5.76172E11	196.7151
5.81055E11	198.65505
5.85938E11	200.59959
5.9082E11	202.54872
5.95703E11	200.85555
6.00586E11	204.62235
6.05469E11	204.42678
6.10352E11	207.15431
6.15234E11	207.72398
6.20117E11	210.46878
6.25E11	211.83701
6.29883E11	213.20073
6.34766E11	214.26642
6.39648E11	214.49583
6.44531E11	214.41176
6.49414E11	214.30787
6.54297E11	214.18429
6.5918E11	212.89656
6.64063E11	211.57887
6.68945E11	210.5247
6.73828E11	209.43893
6.78711E11	207.44066
6.83594E11	206.28411
6.88477E11	204.19601
6.93359E11	202.96912
6.98242E11	201.99379
7.03125E11	200.98483
7.08008E11	199.00102
7.12891E11	199.14415
7.17773E11	198.30933
7.22656E11	198.4105
7.27539E11	197.51361
7.32422E11	196.57963
7.37305E11	193.05145
7.42188E11	198.19079
7.4707E11	194.58288
7.51953E11	194.54896
7.56836E11	194.49809
7.61719E11	194.69993
7.66602E11	195.94801
7.71484E11	195.85461
7.76367E11	196.82122
7.8125E11	196.70252
7.86133E11	197.93191
7.91016E11	197.78777
7.95898E11	198.73267
8.00781E11	198.28755
8.05664E11	198.10154
8.10547E11	197.89862
8.1543E11	197.40385
8.20313E11	195.74897
8.25195E11	196.63989
8.30078E11	196.0962
8.34961E11	194.37015
8.39844E11	195.23376
8.44727E11	193.45967
8.49609E11	193.11495
8.54492E11	191.282
8.59375E11	190.89523
8.64258E11	184.79688
8.69141E11	184.34222
8.74023E11	183.87071
8.78906E11	181.86681
8.83789E11	181.3532
8.88672E11	180.82276
8.93555E11	180.27547
8.98438E11	179.96234
9.0332E11	179.38057
9.08203E11	178.78193
9.13086E11	178.41492
9.17969E11	177.78167
9.22852E11	177.37824
9.27734E11	176.71029
9.32617E11	177.64035
9.375E11	176.94703
9.42383E11	177.86863
9.47266E11	175.75378
9.52148E11	175.0087
9.57031E11	174.24669
9.61914E11	173.46774
9.66797E11	172.67186
9.7168E11	171.85905
9.76563E11	172.72266
9.81445E11	171.88445
9.86328E11	170.79176
9.91211E11	171.63727
9.96094E11	170.75794
1.00098E12	169.86171
1.00586E12	170.6903
1.01074E12	169.76871
1.01563E12	168.8302
1.02051E12	169.64188
1.02539E12	168.67801
1.03027E12	167.93046
1.03516E12	168.49199
1.04004E12	167.71879
1.04492E12	166.69431
1.0498E12	167.47325
1.05469E12	164.82314
1.05957E12	165.58621
1.06445E12	166.34928
1.06934E12	161.76599
1.07422E12	162.50465
1.0791E12	165.11967
1.08398E12	162.32163
1.08887E12	161.15684
1.09375E12	161.87952
1.09863E12	162.6022
1.10352E12	161.4034
1.1084E12	162.11758
1.11328E12	160.89328
1.11816E12	161.82246
1.12305E12	160.57093
1.12793E12	161.26906
1.13281E12	159.99199
1.1377E12	160.68161
1.14258E12	159.37899
1.14746E12	160.0601
1.15234E12	160.74121
1.15723E12	159.40453
1.16211E12	160.07713
1.16699E12	156.89652
1.17188E12	155.50684
1.17676E12	154.10012
1.18164E12	154.73954
1.18652E12	153.30724
1.19141E12	153.93813
1.19629E12	152.48026
1.20117E12	153.10263
1.20605E12	151.61917
1.21094E12	152.23302
1.21582E12	152.84686
1.2207E12	151.3293
1.22559E12	151.93462
1.23047E12	152.53994
1.23535E12	150.98828
1.24023E12	151.58507
1.24512E12	152.18186
1.25E12	150.5961
1.25488E12	151.18437
1.25977E12	151.77263
1.26465E12	150.15277
1.26953E12	150.73251
1.27441E12	151.31225
1.2793E12	151.89199
1.28418E12	152.47173
1.28906E12	146.50099
1.29395E12	144.79352
1.29883E12	145.33991
1.30371E12	145.8863
1.30859E12	146.43269
1.31348E12	144.68254
1.31836E12	145.22039
1.32324E12	145.75824
1.32813E12	144.17225
1.33301E12	144.70229
1.33789E12	145.03257
1.34277E12	145.76238
1.34766E12	143.93287
1.35254E12	144.45437
1.35742E12	144.97586
1.3623E12	145.49736
1.36719E12	143.82266
1.37207E12	144.33632
1.37695E12	144.84997
1.38184E12	145.36362
1.38672E12	138.77377
1.3916E12	139.26241
1.39648E12	139.75105
1.40137E12	137.77935
1.40625E12	138.44907
1.41113E12	138.9298
1.41602E12	136.92105
1.4209E12	137.39319
1.42578E12	137.86533
1.43066E12	138.33747
1.43555E12	136.2858
1.44043E12	136.74936
1.44531E12	137.21292
1.4502E12	137.67647
1.45508E12	135.58188
1.45996E12	136.03686
1.46484E12	136.49183
1.46973E12	136.9468
1.47461E12	134.80929
1.47949E12	135.25568
1.48438E12	135.70206
1.48926E12	131.0913
1.49414E12	128.89069
1.49902E12	129.3119
1.50391E12	127.0855
1.50879E12	127.49811
1.51367E12	127.91073
1.51855E12	128.32334
1.52344E12	126.2264
1.52832E12	126.63097
1.5332E12	127.03554
1.53809E12	127.44012
1.54297E12	127.84469
1.54785E12	125.52055
1.55273E12	125.91652
1.55762E12	126.31248
1.5625E12	126.70844
1.56738E12	124.51113
1.57227E12	124.89902
1.57715E12	125.2869
1.58203E12	125.67479
1.58691E12	120.62423
1.5918E12	120.99538
1.59668E12	121.36653
1.60156E12	121.73768
1.60645E12	124.94857
1.61133E12	119.7946
1.61621E12	120.15761
1.62109E12	120.52063
1.62598E12	120.88364
1.63086E12	121.24665
1.63574E12	121.60967
1.64063E12	121.97268
1.64551E12	122.3357
1.65039E12	122.69871
1.65527E12	120.13168
1.66016E12	120.48605
1.66504E12	120.84042
1.66992E12	121.19479
1.6748E12	121.54917
1.67969E12	116.11479
1.68457E12	116.45233
1.68945E12	116.78987
1.69434E12	114.12415
1.69922E12	114.45304
1.7041E12	120.82308
1.70898E12	121.16928
1.71387E12	121.51547
1.71875E12	112.8752
1.72363E12	113.19587
1.72852E12	113.51654
1.7334E12	116.91389
1.73828E12	114.15787
1.74316E12	114.47854
1.74805E12	111.84809
1.75293E12	112.16051
1.75781E12	112.47294
1.7627E12	115.91829
1.76758E12	113.09778
1.77246E12	113.41021
1.77734E12	110.71349
1.78223E12	111.01765
1.78711E12	111.3218
1.79199E12	111.62596
1.79688E12	115.12812
1.80176E12	115.44097
1.80664E12	115.75382
1.81152E12	116.06667
1.81641E12	109.91399
1.82129E12	110.20945
1.82617E12	107.39991
1.83105E12	107.68708
1.83594E12	107.97424
1.84082E12	108.26141
1.8457E12	108.54857
1.85059E12	112.13379
1.85547E12	109.12291
1.86035E12	109.41007
1.86523E12	106.51683
1.87012E12	103.4583
1.875E12	103.72843
1.87988E12	110.70814
1.88477E12	107.63219
1.88965E12	107.91102
1.89453E12	101.56488
1.89941E12	101.82664
1.9043E12	102.08841
1.90918E12	102.35017
1.91406E12	106.03234
1.91895E12	109.73195
1.92383E12	110.01117
1.92871E12	110.29038
1.93359E12	107.1143
1.93848E12	107.38479
1.94336E12	104.18253
1.94824E12	101.09889
1.95313E12	101.35227
1.95801E12	101.60565
1.96289E12	98.34665
1.96777E12	98.59129
1.97266E12	98.83594
1.97754E12	99.08058
1.98242E12	102.87255
1.9873E12	103.12593
1.99219E12	103.37931
1.99707E12	96.61547
2.00195E12	96.85169
2.00684E12	97.08792
2.01172E12	97.32414
2.0166E12	101.17371
2.02148E12	101.41868
2.02637E12	101.66366
2.03125E12	94.75663
2.03613E12	94.98441
2.04102E12	95.21219
2.0459E12	95.43997
2.05078E12	103.02681
2.05566E12	99.58382
2.06055E12	99.82037
2.06543E12	100.05691
2.07031E12	100.29345
2.0752E12	100.52999
2.08008E12	93.42758
2.08496E12	93.64689
2.08984E12	90.11156
2.09473E12	90.3221
2.09961E12	90.53264
2.10449E12	90.74318
2.10938E12	90.95372
2.11426E12	98.76129
2.11914E12	98.98937
2.12402E12	99.21746
2.12891E12	95.62072
2.13379E12	88.29102
2.13867E12	88.49306
2.14355E12	88.6951
2.14844E12	96.62732
2.15332E12	92.97305
2.1582E12	93.18388
2.16309E12	85.72642
2.16797E12	85.91993
2.17285E12	86.11344
2.17773E12	90.23
2.18262E12	94.36415
2.1875E12	94.57525
2.19238E12	90.83693
2.19727E12	91.03924
2.20215E12	87.3912
2.20703E12	87.58497
2.21191E12	87.77874
2.2168E12	87.97252
2.22168E12	84.15873
2.22656E12	88.36006
2.23145E12	92.57901
2.23633E12	92.78159
2.24121E12	92.98417
2.24609E12	93.18675
2.25098E12	89.32892
2.25586E12	89.52269
2.26074E12	81.66932
2.26563E12	81.84571
2.27051E12	82.0221
2.27539E12	82.19849
2.28027E12	82.37488
2.28516E12	82.55127
2.29004E12	82.72767
2.29492E12	87.04926
2.2998E12	87.23447
2.30469E12	87.41968
2.30957E12	87.60489
2.31445E12	87.7901
2.31934E12	87.97532
2.32422E12	88.16053
2.3291E12	88.34574
2.33398E12	88.53095
2.33887E12	80.37402
2.34375E12	76.30278
2.34863E12	76.46174
2.35352E12	76.62071
2.3584E12	76.77967
2.36328E12	76.93863
2.36816E12	81.3808
2.37305E12	85.84062
2.37793E12	81.71639
2.38281E12	81.88418
2.3877E12	82.05198
2.39258E12	77.99614
2.39746E12	78.15531
2.40234E12	78.31449
2.40723E12	78.47366
2.41211E12	83.00133
2.41699E12	83.16935
2.42188E12	83.33737
2.42676E12	83.50539
2.43164E12	83.67341
2.43652E12	75.11577
2.44141E12	75.2663
2.44629E12	75.41683
2.45117E12	75.56737
2.45605E12	75.7179
2.46094E12	75.86843
2.46582E12	76.01896
2.4707E12	80.65005
2.47559E12	80.80944
2.48047E12	80.96883
2.48535E12	81.12822
2.49023E12	81.2876
2.49512E12	81.44699
2.5E12	81.60638
2.50488E12	77.22322
2.50977E12	77.37376

Frequency   σIm
3.02734E11	60.26758
3.07617E11	63.30502
3.125E11	65.72306
3.17383E11	67.83876
3.22266E11	73.47932
3.27148E11	75.52799
3.32031E11	81.14936
3.36914E11	83.82412
3.41797E11	86.18957
3.4668E11	88.5966
3.51563E11	89.04743
3.56445E11	91.8768
3.61328E11	89.88831
3.66211E11	91.65854
3.71094E11	90.39252
3.75977E11	89.808
3.80859E11	89.55853
3.85742E11	88.3896
3.90625E11	87.86501
3.95508E11	86.71781
4.00391E11	86.48311
4.05273E11	86.2346
4.10156E11	86.29639
4.15039E11	86.3453
4.19922E11	86.3817
4.24805E11	86.40597
4.29688E11	86.74415
4.3457E11	87.07229
4.39453E11	89.07246
4.44336E11	89.74894
4.49219E11	91.77911
4.54102E11	93.49535
4.58984E11	94.89446
4.63867E11	97.34689
4.6875E11	98.78354
4.73633E11	100.95021
4.78516E11	102.42544
4.83398E11	104.64081
4.88281E11	104.76686
4.93164E11	106.29527
4.98047E11	106.77533
5.0293E11	107.58935
5.07813E11	107.01301
5.12695E11	105.36358
5.17578E11	105.419
5.22461E11	105.4696
5.27344E11	104.73121
5.32227E11	103.97311
5.37109E11	103.50415
5.41992E11	102.70592
5.46875E11	102.19542
5.51758E11	101.97199
5.56641E11	100.58368
5.61523E11	100.31118
5.66406E11	100.01898
5.71289E11	98.84407
5.76172E11	97.63114
5.81055E11	97.5771
5.85938E11	97.50702
5.9082E11	97.42088
5.95703E11	94.22095
6.00586E11	95.63477
6.05469E11	94.83952
6.10352E11	95.92948
6.15234E11	96.36919
6.20117E11	97.46435
6.25E11	99.18769
6.29883E11	100.92466
6.34766E11	103.64208
6.39648E11	105.07158
6.44531E11	107.48888
6.49414E11	109.92705
6.54297E11	112.38601
6.5918E11	114.52369
6.64063E11	116.68248
6.68945E11	117.86159
6.73828E11	119.05149
6.78711E11	118.9032
6.83594E11	120.11058
6.88477E11	119.97171
6.93359E11	121.19741
6.98242E11	121.39443
7.03125E11	121.59009
7.08008E11	120.40628
7.12891E11	120.91443
7.17773E11	120.02736
7.22656E11	120.52325
7.27539E11	119.60963
7.32422E11	118.67944
7.37305E11	117.10934
7.42188E11	118.8294
7.4707E11	117.22535
7.51953E11	117.67883
7.56836E11	118.13035
7.61719E11	117.43401
7.66602E11	118.18679
7.71484E11	118.62519
7.76367E11	120.54397
7.8125E11	120.98591
7.86133E11	121.74207
7.91016E11	122.18029
7.95898E11	124.1302
8.00781E11	125.77347
8.05664E11	126.22103
8.10547E11	126.66698
8.1543E11	128.333
8.20313E11	128.46712
8.25195E11	130.46637
8.30078E11	132.16101
8.34961E11	132.3067
8.39844E11	134.3334
8.44727E11	134.48468
8.49609E11	134.94891
8.54492E11	135.10174
8.59375E11	135.56419
8.64258E11	133.52448
8.69141E11	133.98028
8.74023E11	134.43516
8.78906E11	134.59455
8.83789E11	135.04852
8.88672E11	135.50172
8.93555E11	135.95419
8.98438E11	135.06369
9.0332E11	135.50752
9.08203E11	135.95073
9.13086E11	135.02732
9.17969E11	135.46213
9.22852E11	134.51386
9.27734E11	134.94041
9.32617E11	135.65063
9.375E11	136.07529
9.42383E11	136.78401
9.47266E11	135.50245
9.52148E11	135.91885
9.57031E11	136.33502
9.61914E11	136.751
9.66797E11	137.16682
9.7168E11	137.58254
9.76563E11	138.27391
9.81445E11	138.68819
9.86328E11	140.58219
9.91211E11	141.27814
9.96094E11	141.6984
1.00098E12	142.11875
1.00586E12	142.81201
1.01074E12	143.23115
1.01563E12	143.65047
1.02051E12	144.34109
1.02539E12	144.75933
1.03027E12	143.63216
1.03516E12	145.86589
1.04004E12	144.72311
1.04492E12	145.1337
1.0498E12	145.8119
1.05469E12	144.37165
1.05957E12	145.04004
1.06445E12	145.70843
1.06934E12	143.97835
1.07422E12	144.63578
1.0791E12	145.55586
1.08398E12	144.0568
1.08887E12	144.44674
1.09375E12	145.09449
1.09863E12	145.74223
1.10352E12	146.13059
1.1084E12	146.77719
1.11328E12	147.16521
1.11816E12	146.12381
1.12305E12	146.50418
1.12793E12	147.14116
1.13281E12	147.52132
1.1377E12	148.15719
1.14258E12	148.53721
1.14746E12	149.17199
1.15234E12	149.80676
1.15723E12	150.18563
1.16211E12	150.81932
1.16699E12	149.18366
1.17188E12	149.5585
1.17676E12	149.93452
1.18164E12	150.55666
1.18652E12	150.93291
1.19141E12	151.55403
1.19629E12	151.93057
1.20117E12	152.5507
1.20605E12	152.9276
1.21094E12	153.54674
1.21582E12	154.16588
1.2207E12	154.54224
1.22559E12	155.16041
1.23047E12	155.77858
1.23535E12	156.15449
1.24023E12	156.7717
1.24512E12	157.38891
1.25E12	157.76447
1.25488E12	158.38074
1.25977E12	158.997
1.26465E12	159.3723
1.26953E12	159.98764
1.27441E12	160.60298
1.2793E12	161.21831
1.28418E12	161.83365
1.28906E12	159.78359
1.29395E12	160.15668
1.29883E12	160.76104
1.30371E12	161.36541
1.30859E12	161.96977
1.31348E12	162.34214
1.31836E12	162.94564
1.32324E12	163.54914
1.32813E12	161.90983
1.33301E12	162.50509
1.33789E12	165.12705
1.34277E12	163.6956
1.34766E12	164.06032
1.35254E12	164.65474
1.35742E12	165.24916
1.3623E12	165.84358
1.36719E12	164.13398
1.37207E12	164.72018
1.37695E12	165.30637
1.38184E12	165.89256
1.38672E12	163.69534
1.3916E12	164.27173
1.39648E12	164.84812
1.40137E12	165.20427
1.40625E12	163.64084
1.41113E12	164.20903
1.41602E12	164.55863
1.4209E12	165.12607
1.42578E12	165.69351
1.43066E12	166.26096
1.43555E12	166.61077
1.44043E12	167.17748
1.44531E12	167.74418
1.4502E12	168.31088
1.45508E12	168.66105
1.45996E12	169.22702
1.46484E12	169.793
1.46973E12	170.35898
1.47461E12	170.70961
1.47949E12	171.27487
1.48438E12	171.84014
1.48926E12	169.71443
1.49414E12	170.06514
1.49902E12	170.62091
1.50391E12	170.97379
1.50879E12	171.5289
1.51367E12	172.08401
1.51855E12	172.63912
1.52344E12	170.66928
1.52832E12	171.21629
1.5332E12	171.76331
1.53809E12	172.31033
1.54297E12	172.85734
1.54785E12	173.20415
1.55273E12	173.75054
1.55762E12	174.29692
1.5625E12	174.84331
1.56738E12	172.79736
1.57227E12	173.33567
1.57715E12	173.87398
1.58203E12	174.41229
1.58691E12	172.13504
1.5918E12	172.66469
1.59668E12	173.19434
1.60156E12	173.72398
1.60645E12	174.44801
1.61133E12	172.12498
1.61621E12	172.64657
1.62109E12	173.16816
1.62598E12	173.68976
1.63086E12	174.21135
1.63574E12	174.73294
1.64063E12	175.25453
1.64551E12	175.77612
1.65039E12	176.29771
1.65527E12	176.62822
1.66016E12	177.14925
1.66504E12	177.67027
1.66992E12	178.1913
1.6748E12	178.71233
1.67969E12	176.28358
1.68457E12	176.79603
1.68945E12	177.30848
1.69434E12	177.63948
1.69922E12	178.15141
1.7041E12	179.03307
1.70898E12	179.54606
1.71387E12	180.05905
1.71875E12	177.38035
1.72363E12	177.88427
1.72852E12	178.3882
1.7334E12	179.07293
1.73828E12	179.39604
1.74316E12	179.89996
1.74805E12	177.53828
1.75293E12	178.03419
1.75781E12	178.53011
1.7627E12	179.20499
1.76758E12	179.52195
1.77246E12	180.01786
1.77734E12	177.60139
1.78223E12	178.0893
1.78711E12	178.57722
1.79199E12	179.06513
1.79688E12	179.73049
1.80176E12	180.21888
1.80664E12	180.70728
1.81152E12	181.19568
1.81641E12	181.3304
1.82129E12	181.81785
1.82617E12	179.31924
1.83105E12	179.7987
1.83594E12	180.27817
1.84082E12	180.75763
1.8457E12	181.23709
1.85059E12	181.889
1.85547E12	182.19602
1.86035E12	182.67548
1.86523E12	180.10632
1.87012E12	180.41394
1.875E12	180.885
1.87988E12	181.69071
1.88477E12	181.99225
1.88965E12	182.46373
1.89453E12	179.67929
1.89941E12	180.14238
1.9043E12	180.60547
1.90918E12	181.06857
1.91406E12	181.69405
1.91895E12	182.32569
1.92383E12	182.78962
1.92871E12	183.25356
1.93359E12	183.54807
1.93848E12	184.01157
1.94336E12	184.3102
1.94824E12	181.59713
1.95313E12	182.05226
1.95801E12	182.50739
1.96289E12	182.80691
1.96777E12	183.26165
1.97266E12	183.7164
1.97754E12	184.17114
1.98242E12	184.78304
1.9873E12	185.23817
1.99219E12	185.6933
1.99707E12	182.74129
2.00195E12	183.18809
2.00684E12	183.63489
2.01172E12	184.08169
2.0166E12	184.68275
2.02148E12	185.12993
2.02637E12	185.5771
2.03125E12	182.56588
2.03613E12	183.00474
2.04102E12	183.4436
2.0459E12	183.88246
2.05078E12	184.62937
2.05566E12	184.91171
2.06055E12	185.35093
2.06543E12	185.79015
2.07031E12	186.22937
2.0752E12	186.66859
2.08008E12	183.57352
2.08496E12	184.00445
2.08984E12	184.29295
2.09473E12	184.72354
2.09961E12	185.15413
2.10449E12	185.58472
2.10938E12	186.01531
2.11426E12	186.73996
2.11914E12	187.17123
2.12402E12	187.6025
2.12891E12	187.88276
2.13379E12	184.70743
2.13867E12	185.1301
2.14355E12	185.55277
2.14844E12	186.2623
2.15332E12	186.53887
2.1582E12	186.96186
2.16309E12	183.7366
2.16797E12	184.15136
2.17285E12	184.56611
2.17773E12	185.11717
2.18262E12	185.6749
2.1875E12	186.09028
2.19238E12	186.36235
2.19727E12	186.77741
2.20215E12	183.6177
2.20703E12	184.02483
2.21191E12	184.43197
2.2168E12	184.8391
2.22168E12	185.11337
2.22656E12	185.65337
2.23145E12	186.20016
2.23633E12	186.6076
2.24121E12	187.01504
2.24609E12	187.42248
2.25098E12	187.68904
2.25586E12	188.09618
2.26074E12	184.70608
2.26563E12	185.10502
2.27051E12	185.50395
2.27539E12	185.90288
2.28027E12	186.30181
2.28516E12	186.70075
2.29004E12	187.09968
2.29492E12	187.62948
2.2998E12	188.02869
2.30469E12	188.4279
2.30957E12	188.82711
2.31445E12	189.22633
2.31934E12	189.62554
2.32422E12	190.02475
2.3291E12	190.42396
2.33398E12	190.82317
2.33887E12	187.30207
2.34375E12	187.57248
2.34863E12	187.96326
2.35352E12	188.35404
2.3584E12	188.74481
2.36328E12	189.13559
2.36816E12	189.64823
2.37305E12	190.16798
2.37793E12	190.43028
2.38281E12	190.82131
2.3877E12	191.21234
2.39258E12	187.73112
2.39746E12	188.11425
2.40234E12	188.49737
2.40723E12	188.8805
2.41211E12	189.38775
2.41699E12	189.77112
2.42188E12	190.1545
2.42676E12	190.53788
2.43164E12	190.92125
2.43652E12	187.23757
2.44141E12	187.6128
2.44629E12	187.98802
2.45117E12	188.36325
2.45605E12	188.73847
2.46094E12	189.1137
2.46582E12	189.48893
2.4707E12	189.98442
2.47559E12	190.35988
2.48047E12	190.73535
2.48535E12	191.11081
2.49023E12	191.48627
2.49512E12	191.86174
2.5E12	192.2372
2.50488E12	192.49073
2.50977E12	192.86596
2.51465E12	193.24118
2.51953E12	193.61641
2.52441E12	189.90953
2.5293E12	190.16781
2.53418E12	190.53493
2.53906E12	190.90205
2.54395E12	191.26917
2.54883E12	191.74618
2.55371E12	192.23072
2.55859E12	192.59828
2.56348E12	192.84817
2.56836E12	193.2155
2.57324E12	189.42357
2.57813E12	189.78301
2.58301E12	190.14245
2.58789E12	190.50188
2.59277E12	190.97311
2.59766E12	191.33276
2.60254E12	191.6924
2.60742E12	192.05205
2.6123E12	192.4117
2.61719E12	188.43004
2.62207E12	188.78159
2.62695E12	189.13313
2.63184E12	189.48468
2.63672E12	189.94258
2.6416E12	190.29432
2.64648E12	190.64607
2.65137E12	186.60903
2.65625E12	186.95269
2.66113E12	187.20383
2.66602E12	187.54732
2.6709E12	188.08398
2.67578E12	188.42783
2.68066E12	188.77167
2.68555E12	189.11552
2.69043E12	185.01528
2.69531E12	185.35106
2.7002E12	185.68684
2.70508E12	186.02262
2.70996E12	186.3584
2.71484E12	186.69418
2.71973E12	187.02996
2.72461E12	187.36574
2.72949E12	187.70152
2.73438E12	188.0373
2.73926E12	188.37308
2.74414E12	188.70887
2.74902E12	189.04465
2.75391E12	189.38043
2.75879E12	189.71621
2.76367E12	194.61706
2.76855E12	194.96091
2.77344E12	195.30475
2.77832E12	195.6486
2.7832E12	195.99245
2.78809E12	196.33629
2.79297E12	196.68014
2.79785E12	197.02399
2.80273E12	197.36783
2.80762E12	197.60625
2.8125E12	197.94991
2.81738E12	198.29357
2.82227E12	198.63724
2.82715E12	198.9809
2.83203E12	194.66233
2.83691E12	194.99795
2.8418E12	195.33358
2.84668E12	195.6692
2.85156E12	196.09605
2.85645E12	196.43183
2.86133E12	196.76761
2.86621E12	192.39486
2.87109E12	192.72262
2.87598E12	193.05038
2.88086E12	193.46228
2.88574E12	193.88249
2.89063E12	194.11808
2.89551E12	194.44598
2.90039E12	194.77389
2.90527E12	195.19472
2.91016E12	195.52278
2.91504E12	191.05602
2.91992E12	191.37604
2.9248E12	191.69607
2.92969E12	192.0161
2.93457E12	192.33612
2.93945E12	192.65615
2.94434E12	192.97618
2.94922E12	193.2962
2.9541E12	193.53817
2.95898E12	193.85807
2.96387E12	194.17796
2.96875E12	194.66302
2.97363E12	194.89634
2.97852E12	195.21636
2.9834E12	195.53639
2.98828E12	195.85642
2.99316E12	191.28018
2.99805E12	191.59222
3.00293E12	191.97526