Frequency	n	k	ε1	ε2	σRe	σIm
0.0						
0.022296544035679156						
0.04459308807135831	3.3629154352858315	7.2175810155323346	-40.78427549088907	48.54422920511935	120.42974212348398	103.65947929509434
0.06688963210703748	4.002728511988061	5.181909851089525	-10.830354164136509	41.4835566150157	154.37017254105785	44.02355927405054
0.08918617614271662	4.175955317690223	4.183721081940274	-0.06491927612625063	34.942064599722364	173.37030159551534	5.283756932850297
0.11148272017839578	4.183785432816455	3.601189793535616	4.535492618782078	30.133210798003216	186.8880639973892	-21.927347046768286
0.13377926421407496	4.123344840319254	3.214276550881447	6.67039892664108	26.507141262872363	197.2787438789017	-42.201803900554076
0.1560758082497541	4.035273639835358	2.929219109568376	7.70310875648955	23.640401316286535	205.26695310480636	-58.202341507072596
0.17837235228543324	3.941882827444945	2.7017349967174393	8.239068232817573	21.299845575735	211.36476586059663	-71.83544860163008
0.20066889632111243	3.8571503627271206	2.5141485238847348	8.556666120534167	19.39489778170372	216.51907126213388	-84.3604513244495
0.22296544035679156	3.784225765351046	2.364489070004689	8.729556080975069	17.895520921205353	221.97828712036653	-95.87838356929437
0.24526198439247074	3.71284955493987	2.2533999922159293	8.70744029269844	16.733070316400838	228.31501434349076	-105.16446221195028
0.2675585284281499	3.624683942278068	2.1712438556488363	8.424033800715652	15.740145476680514	234.29128756785624	-110.5063762399088
0.289855072463829	3.5079448044629373	2.090472803287634	7.935600209873257	14.666526418327855	236.50306435252733	-111.83907190930272
0.3121516164995082	3.3809292814841654	1.9775128407663745	7.520125771001139	13.371662135715939	232.20928509825052	-113.22704153516142
0.3344481605351874	3.2848807185592075	1.8336319146161495	7.428235336863169	12.046524242514785	224.13989753760893	-119.60495664526776
0.3567447045708665	3.2337828977428247	1.6925835411654395	7.592512785909841	10.946895416843573	217.25866306913238	-130.83896936926408
0.37904124860654564	3.2112523266883186	1.5771924215317192	7.824605571124051	10.129525666557834	213.60144269607773	-143.9105486090496
0.40133779264222486	3.1960409686012965	1.4903378672177088	7.993570914514884	9.526361761371353	212.69913606093175	-156.14843617738507
0.42363433667790396	3.1726940529804106	1.4220311399676342	8.043814990779616	9.023339481856533	212.66060692526844	-166.00749356936515
0.4459308807135831	3.137423434509466	1.3547343919653105	8.008120534635554	8.500750857775795	210.88876070772238	-173.85921304677916
0.4682274247492623	3.1025212819821433	1.275249729589818	7.999376432333218	7.912978851788767	206.12252353395232	-182.3244015204791
0.4905239687849415	3.0844033770337043	1.1880361383997504	8.102114326113128	7.328765354636543	199.99523523472865	-193.8101380768484
0.5128205128206206	3.086706448265883	1.1072043719714464	8.301855176453497	6.835229749024882	195.00560930411837	-208.31819412330356
0.5351170568562998	3.1026343290483753	1.0421835027567972	8.540193326371035	6.467028625642242	192.52280300517822	-224.4708100777466
0.5574136008919789	3.1233192631234985	0.995689266245941	8.763726104480932	6.219710930702499	192.8751871571907	-240.75558207168902
0.579710144927658	3.1407939580780604	0.9663641920004783	8.930726935518912	6.070301631076178	195.771636220506	-255.7717034415835
0.6020066889633373	3.1481296752858383	0.949816935431191	9.008568241583419	5.98029376103997	200.28684846742675	-268.21607063732733
0.6243032329990164	3.1404479029276633	0.9377407136180868	8.9830553850258	5.889851715143622	204.56368733025536	-277.26389809165306
0.6465997770346955	3.1193393720817535	0.9183474249781588	8.886916125255373	5.72927455996853	206.09325767631765	-283.70786218398456
0.6688963210703748	3.0962310107138507	0.8843445882341385	8.804581120967105	5.476270276495022	203.78503109302005	-290.42701073954646
0.6911928651060538	3.083046179242434	0.8410771409868599	8.797762986250742	5.186159331935377	199.42229052431605	-299.84573480189226
0.713489409141733	3.0815451589458114	0.7990419619419592	8.85745250967831	4.924567779233615	195.471861412579	-311.8874461439102
0.7357859531774122	3.086584309782233	0.7642679987811551	8.942897127432913	4.71795522701316	193.12295860102805	-325.1314858459491
0.7580824972130913	3.0921982608983236	0.7375281255356833	9.017742348746438	4.561166374290081	192.3627522148866	-338.14047947215397
0.7803790412487704	3.0940502724800116	0.7162909732176025	9.060074330320614	4.432480561717791	192.43365783584989	-349.92360693203767
0.8026755852844497	3.0904644380197337	0.6962120746428784	9.066259189786088	4.303237316007512	192.16042436922962	-360.19760825544654
0.8249721293201288	3.083188807603961	0.6730645454243244	9.053037341027082	4.150370146494649	190.48233478847698	-369.5962771304125
0.8472686733558079	3.076435706003474	0.6454101108308392	9.047902442010416	3.9711254199513064	187.18168449303468	-379.34332876084
0.8695652173914872	3.07367354537371	0.6154110094358949	9.068738352995286	3.7831450784696816	183.013764492357	-390.3340078310883
0.8918617614271662	3.0754462617934357	0.5865230986145733	9.114360363970777	3.6076405421793845	178.99850395526371	-402.6061767304634
0.9141583054628455	3.0800665121786843	0.5610481240567143	9.172034721937006	3.456131077255516	175.76816265251188	-415.6044710399173
0.9364548494985246	3.085285268819574	0.5394777389383995	9.227948959184983	3.3288854416054714	173.42603351556934	-428.65414775938245
0.9587513935342037	3.0894236899306615	0.5209520295964584	9.273147718764115	3.2188830831055153	171.6879476384389	-441.2709985644679
0.981047937569883	3.091854193752418	0.5040217126867452	9.305524468564736	3.116723292225579	170.10499799829532	-453.30017798633054
1.003344481605562	3.0929742695733657	0.48741106406458345	9.328920286870327	3.015099759714264	168.29854095747362	-464.90837575610425
1.0256410256412412	3.093753015014315	0.4705530935598626	9.349887504051408	2.911550103850276	166.13007107823708	-476.4360409628307
1.0479375696769204	3.0950935012209304	0.45366557923533146	9.373791323517109	2.808274772037807	163.72070553875906	-488.18692428936697
1.0702341137125997	3.0973952690392834	0.4374033254793989	9.402535783526497	2.7096219820038803	161.3303571879665	-500.285319592251
1.0925306577482787	3.1005012500512747	0.4224019974108527	9.43468455415284	2.6193158419930085	159.2025797016622	-512.6619396037237
1.1148272017839578	3.103909779629114	0.4089818805730728	9.466989741440168	2.538885717603734	157.4632851621063	-525.1280161516557
1.137123745819637	3.107053839271219	0.39706827447598947	9.496120345534681	2.4674250133268423	156.09187239566972	-537.4734087847166
1.159420289855316	3.10952902000109	0.38627241237991283	9.519964349663141	2.4022505518423345	154.94864991162265	-549.5500759747998
1.1817168338909954	3.111219120345374	0.37606416603105	9.538260157830013	2.34003604766508	153.83833410174833	-561.3211472184541
1.2040133779266746	3.1122989548387157	0.3659682565417017	9.552472019493988	2.2780052446777703	152.5859797126212	-572.8640551237467
1.2263099219623537	3.1131278896777896	0.3557120362495567	9.565034204756882	2.214754121485144	151.0964842233897	-584.3296748101445
1.2486064659980327	3.1140900542702474	0.3452732299254682	9.578343262801708	2.15042386263333	149.37511364919578	-595.8783391817805
1.270903010033712	3.115455270728591	0.3348262992502994	9.593952893240907	2.0862727175557874	147.50681492782286	-607.6226795540293
1.293199554069391	3.1173097397470495	0.32463194716677257	9.612234112400527	2.0239566614720594	145.61139194584243	-619.5979492752688
1.3154960981050703	3.1195616372835455	0.31492392340335895	9.632487731279431	1.9648491802238806	143.79619116082148	-631.7629202761831
1.3377926421407496	3.1219987614745364	0.305827511854984	9.653345799641128	1.9095862264721983	142.1204830618785	-644.0231229665185
1.3600891861764286	3.124371486454597	0.29732130882666125	9.67329722468811	1.8578844392267637	140.57713349325113	-656.2664695599011
1.3823857302121076	3.1264813706066974	0.2892432567408727	9.691224099180667	1.8086273075478971	139.09352848263885	-668.4036129186712
1.404682274247787	3.1282586469772116	0.2813418002823622	9.706848953801574	1.7602198389788706	137.5541229089098	-680.4053360944484
1.426978818283466	3.1298034268472126	0.2733701347748972	9.720938260117709	1.7111895692323151	135.84518492694386	-692.323920145
1.4492753623191452	3.1313575918854295	0.2651991520648567	9.735069778002597	1.6608667563597352	133.91039778493894	-704.2808606846312
1.4715719063548245	3.133198047121814	0.2568903798737748	9.750937335216257	1.6097768730897843	131.7879706185451	-716.4149837763798
1.4938684503905033	3.1355020598292738	0.248672679863426	9.769535065483161	1.5594273998700756	129.60033211999686	-728.8153697435783
1.5161649944261826	3.1382690411758642	0.24083242269492686	9.790732318981771	1.511593872509737	127.50000052010327	-741.4811581508608
1.5384615384618618	3.141337657196333	0.2335912434108698	9.81343740752151	1.4675779386357601	125.60774427477405	-754.3285865245252
1.5607580824975409	3.1444649080922793	0.22703559455502606	9.836114397028833	1.427810919932292	123.97522073466644	-767.2299024441985
1.5830546265332202	3.147413489215586	0.22110708843235002	9.857323327541199	1.3918308653863238	122.57755742469986	-780.0581850938188
1.6053511705688994	3.150021395947132	0.21563180846375435	9.87613771810337	1.3584896206152002	121.32630521098359	-792.7252277375871
1.6276477146045782	3.1522512798939673	0.21037544258508925	9.892430304750283	1.3263125162942149	120.09775225332078	-805.2105959564935
1.6499442586402575	3.1542094659458106	0.20512527011191323	9.90696097862367	1.2940161373833758	118.77842525006211	-817.5746563284422
1.6722408026759368	3.1561056198411706	0.1997825494768582	9.921089616517547	1.2610696543002178	117.31849677647459	-829.9373629752673
1.6945373467116158	3.1581457798470898	0.19440731316470172	9.936090563354064	1.2279332712850286	115.75893171714156	-842.4173540464179
1.716833890747295	3.160421843431858	0.18916537385282264	9.952482689776346	1.1956847590908286	114.20196319750134	-855.0674338623409
1.7391304347829744	3.1628833735982935	0.18421428407134138	9.969896332528606	1.1652965925371173	112.744984253473	-867.8570136074696
1.7614269788186532	3.165398421752377	0.17962053106268205	9.9874836332532	1.1371410910802753	111.43140222162032	-880.706810749281
1.7837235228543324	3.1678365399188584	0.17535059046707593	10.004440514067932	1.110964015555901	110.24429646336453	-893.5376804467578
1.8060200668900117	3.170120545654524	0.17130986743476342	10.02031720330042	1.0861458608565928	109.12878537713017	-906.3020866610631
1.828316610925691	3.172239491175874	0.16739082563189217	10.035083700870041	1.0620075750600462	108.02085685915863	-918.9929583195468
1.85061315496137	3.1742357245230934	0.16351072375347872	10.049036678056261	1.0380431613618377	106.87094634599238	-931.6367077017585
1.8729096989970493	3.1761777576375128	0.1596327411331051	10.06262253606959	1.0140439235553507	105.65795582797482	-944.2768201247286
1.8952062430327283	3.1781284991148526	0.15576735119777424	10.076237289186855	0.9900973161465567	104.39097648798656	-956.9536832424297
1.9175027870684074	3.1801206390152923	0.15195433619406193	10.090077158402853	0.9664662414372096	103.09824940525887	-969.6883365490539
1.9397993311040866	3.1821502252449108	0.1482343475722417	10.104106634226069	0.9434079250320826	101.80870748246272	-982.4777857166608
1.962095875139766	3.184190260374311	0.1446254911502134	10.118151081572183	0.9210301606447212	100.53624845275516	-995.3036737960956
1.984392419175445	3.186214157974782	0.14111687365563225	10.132046688448607	0.899257161541428	99.27503820534609	-1008.1479721937964
2.006688963211124	3.18821441940016	0.13767957042363885	10.14575551995906	0.8779039833629303	98.00668055821635	-1021.0058920960807
2.0289855072468033	3.190207412843688	0.13428577472723027	10.159390667668726	0.8567989479485352	96.71335915601681	-1033.8895039653141
2.0512820512824823	3.1922244392027608	0.13092496832319422	10.173155522912952	0.8358837671662958	95.38934567455573	-1046.8217442097084
2.073578595318162	3.1942956594473455	0.12761033459117224	10.18724036246968	0.8152502757704099	94.0459405153162	-1059.8250455202065
2.095875139353841	3.1964346904999816	0.12437465486224242	10.201725675859612	0.7951109228412677	92.70896321493832	-1072.9099836143587
2.11817168338952	3.1986292514209866	0.12125898299297144	10.216525347089492	0.7757250599977568	91.4108143653273	-1086.0679009113971
2.1404682274251994	3.2008400214057433	0.11829849754652677	10.231382308110954	0.7573091308381841	90.18007190027126	-1099.269355649981
2.162764771460878	3.203007829025047	0.11550943614730835	10.245916722956677	0.7399552566121949	89.03142920385034	-1112.468859148918
2.1850613154965575	3.205068156342811	0.11288081189516004	10.259719809108594	0.7235813913346004	87.95886488964611	-1125.6155193586662
2.207357859532236	3.20696996249648	0.11037477909026905	10.272473748495447	0.7079372023193548	86.93528473914891	-1138.6675865045106
2.2296544035679156	3.2086926323782254	0.10793783309955192	10.284057833264079	0.6926786596428056	85.9207301477005	-1151.6061837084387
2.2519509476035946	3.2102533968102342	0.1055200245690787	10.294592396146589	0.6774920346087686	84.87733174280646	-1164.4420331487242
2.274247491639274	3.2117012558689626	0.10309402872043925	10.304396578192462	0.6622144430280513	83.78474870069893	-1177.2116076943917
2.296544035674953	3.2131005580468526	0.10066555762644978	10.313881641628752	0.6468971187712867	82.64918828025203	-1189.9647333119726
2.318840579710632	3.2145118020014882	0.09827185863224353	10.323428767007819	0.6317920987559372	81.50301612126606	-1202.749395883883
2.3411371237463117	3.2159759760157227	0.09597059324453147	10.333291123542573	0.61727824455678	80.39636644668246	-1215.5987999555614
2.3634336677819907	3.2175051974645794	0.09382300465546983	10.343536939509002	0.6037520102414352	79.38356638463004	-1228.5230894852791
2.3857302118176698	3.219080872700616	0.09187434478706596	10.354040769756908	0.5915018919918912	78.50658151182245	-1241.5070418166952
2.4080267558533492	3.220661077239725	0.09013490411902823	10.3645334735064	0.5805879547937776	77.77820713848865	-1254.5155617573926
2.4303232998890283	3.222197737504095	0.08856767173227967	10.374714027100433	0.5707651029435139	77.17027735515197	-1267.507908009174
2.4526198439247073	3.223659124867922	0.08708990230873694	10.384393502260071	0.5614963165228314	76.61357846268942	-1280.4571405962556
2.4749163879603864	3.225047582507113	0.08559112008026185	10.39360606959838	0.552070869797849	76.01231543404592	-1293.3660996946562
2.4972129319960654	3.2264032341079205	0.08396109122070844	10.402628364223077	0.5417846725074477	75.26808871074323	-1306.2714796952187
2.5195094760317445	3.2277929019678795	0.08211632412027631	10.411903927307199	0.5301089762622433	74.30358236187332	-1319.234742214116
2.541806020067424	3.229291858418214	0.08001746946533196	10.421923111426528	0.5167995253512491	73.0790862568378	-1332.3261690251252
2.564102564103103	3.230966931257858	0.07767774803176765	10.433113478342532	0.5019484703704429	71.60166585316495	-1345.6095179108663
2.586399108138782	3.232863758735638	0.07516659082652119	10.445758066169835	0.486006694701542	69.9304611186869	-1359.1298728682248
2.6086956521744615	3.2349945104008153	0.07261047555283759	10.459917201163401	0.4697889796220444	68.17966101825976	-1372.9014004437079
2.6309921962101406	3.2373201036803483	0.07018644681718189	10.47531531637612	0.45443199057430905	66.51461093697819	-1386.8894022567488
2.6532887402458196	3.239726403893958	0.06809666987467823	10.491190015639656	0.44122915882049063	65.12943605676469	-1400.9859522400618
2.675585284281499	3.242009125248613	0.0665121165735553	10.506199306544184	0.4312657777421316	64.19369789234372	-1414.9930689691469
2.697881828317178	3.2438987578533864	0.06549253736282934	10.518589878752522	0.4249023211998972	63.77355470183901	-1428.6443778484634
2.720178372352857	3.245147156291674	0.06492711770225536	10.526764535374816	0.4213961027553776	63.7700116754658	-1441.6884296695428
2.7424749163885362	3.245644238689534	0.0645539461759715	10.530039312171674	0.41903828698143236	63.93298298362286	-1454.0051830760895
2.7647714604242153	3.2454859045387208	0.06406314764489171	10.529074669673347	0.415832085363758	63.95961375586743	-1465.6779906484976
2.7870680044598943	3.2449449373616837	0.06321376033269674	10.525671667013821	0.4102503431263582	63.609959203410156	-1476.9703335438815
2.809364548495574	3.2443772793312986	0.06189039835229592	10.522153509232954	0.40159160444590425	62.76554745478164	-1488.236236362814
2.831661092531253	3.2441313489105674	0.06008965371184464	10.520777442501089	0.38987745870355084	61.41832930187407	-1499.8308599780062
2.853957636566932	3.2444965814216165	0.05787718028156893	10.523408298859211	0.37556462713174593	59.629449760635296	-1512.0582602355548
2.8762541806026114	3.24568354601533	0.05535748746493278	10.531397229456216	0.3593457724273644	57.5000736911649	-1525.1495498928614
2.8985507246382904	3.2478104046875673	0.05267420179744593	10.545497853261821	0.3421516413127149	55.17319461722254	-1539.2461914129742
2.9208472686739695	3.250875666544225	0.05003575341006782	10.565689022710046	0.3253200264359934	52.8625666407529	-1554.3674915052243
2.943143812709649	3.2547118144185685	0.047744585473083655	10.590869449473814	0.31078973282752503	50.88698795852923	-1570.3557956917673
2.965440356745328	3.258935575664576	0.04619847176903928	10.618526787538407	0.3011156863789154	49.67652089802416	-1586.815196230223
2.9877369007810066	3.262933685308077	0.045849232637092695	10.644634082584737	0.29920601123419244	49.73261138220553	-1603.0855689504533
3.010033444816686	3.2659144415318693	0.04716370584465739	10.66397272425742	0.3080652560684552	51.58728126553758	-1618.2872597550265
3.032329988852365	3.2669712082945264	0.05068962769705281	10.670531437469332	0.33120310849088064	55.87267489346757	-1631.38100217335
3.054626532888044	3.264952135620216	0.05730296813246577	10.65662881773422	0.3741828963629426	63.58733892969071	-1641.0138879140281
3.0769230769237237						
3.0992196209594027						
3.1215161649950818						
3.1438127090307613						
3.1661092530664403						
3.1884057971021194						
3.210702341137799						
3.232998885173478						
3.2552954292091565						
3.277591973244836						
3.299888517280515						
3.322185061316194						
3.3444816053518736						
3.3667781493875526						
3.3890746934232316						
3.411371237458911						
3.43366778149459						
3.4559643255302697						
3.4782608695659487						
3.5005574136016278						
3.5228539576373064						
3.545150501672986						
3.567447045708665						
3.5897435897443444						
3.6120401337800234						
3.6343366778157025						
3.656633221851382						
3.678929765887061						
3.70122630992274						
3.7235228539584195						
3.7458193979940986						
3.768115942029777						
3.7904124860654567						
3.8127090301011357						
3.8350055741368148						
3.8573021181724942						
3.8795986622081733						
3.9018952062438523						
3.924191750279532						
3.946488294315211						
3.96878483835089						
3.9910813823865694						
4.013377926422248						
4.035674470457927						
4.0579710144936065						
4.080267558529285						
4.102564102564965						
4.124860646600644						
4.147157190636324						
4.169453734672002						
4.191750278707682						
4.214046822743361						
4.23634336677904						
4.258639910814719						
4.280936454850399						
4.303232998886077						
4.325529542921756						
4.347826086957435						
4.370122630993115						
4.3924191750287935						
4.414715719064472						
4.4370122631001525						
4.459308807135831						
4.481605351171511						
4.503901895207189						
4.526198439242869						
4.548494983278548						
4.570791527314228						
4.593088071349906						
4.615384615385586						
4.637681159421264						
4.659977703456944						
4.682274247492623						
4.704570791528302						
4.726867335563981						
4.74916387959966						
4.7714604236353395						
4.793756967671018						
4.8160535117066985						
4.838350055742377						
4.860646599778057						
4.882943143813735						
4.905239687849415						
4.927536231885093						
4.949832775920773						
4.972129319956452						
4.994425863992131						
5.01672240802781						
5.039018952063489						
5.061315496099168						
5.083612040134848						
5.105908584170527						
5.128205128206206						
5.1505016722418855						
5.172798216277564						
5.195094760313243						
5.217391304348923						
5.239687848384602						
5.261984392420281						
5.28428093645596						
5.306577480491639						
5.328874024527318						
5.351170568562998						
5.373467112598677						
5.395763656634356						
5.418060200670035						
5.440356744705714						
5.462653288741394						
5.4849498327770725						
5.507246376812752						
5.529542920848431						
5.55183946488411						
5.574136008919789						
5.596432552955469						
5.618729096991148						
5.641025641026827						
5.663322185062506						
5.685618729098185						
5.707915273133864						
5.730211817169542						
5.752508361205223						
5.774804905240901						
5.797101449276581						
5.8193979933122595						
5.841694537347939						
5.8639910813836185						
5.886287625419298						
5.9085841694549766						
5.930880713490656						
5.953177257526335						
5.975473801562013						
5.997770345597694						
6.020066889633372						
6.042363433669052						
6.06465997770473						
6.08695652174041						
6.109253065776088						
6.131549609811769						
6.153846153847447						
6.176142697883127						
6.1984392419188055						
6.220735785954485						
6.2430323299901636						
6.265328874025843						
6.2876254180615225						
6.309921962097201						
6.332218506132881						
6.354515050168559						
6.376811594204239						
6.399108138239918						
6.421404682275598						
6.443701226311276						
6.465997770346956						
6.488294314382634						
6.510590858418313						
6.532887402453993						
6.555183946489672						
6.577480490525351						
6.59977703456103						
6.6220735785967095						
6.644370122632388						
6.6666666666680685						
6.688963210703747						
6.711259754739427						
6.733556298775105						
6.755852842810784						
6.778149386846463						
6.800445930882143						
6.822742474917822						
6.845039018953501						
6.86733556298918						
6.889632107024859						
6.911928651060539						
6.934225195096218						
6.956521739131897						
6.978818283167576						
7.0011148272032555						
7.023411371238934						
7.045707915274613						
7.068004459310293						
7.090301003345972						
7.112597547381651						
7.13489409141733						
7.157190635453009						
7.179487179488689						
7.201783723524368						
7.224080267560047						
7.246376811595726						
7.268673355631405						
7.2909698996670835						
7.313266443702764						
7.3355629877384425						
7.357859531774122						
7.380156075809801						
7.40245261984548						
7.424749163881159						
7.447045707916839						
7.469342251952518						
7.491638795988197						
7.513935340023876						
7.536231884059554						
7.558528428095234						
7.580824972130913						
7.603121516166593						
7.625418060202271						
7.647714604237951						
7.6700111482736295						
7.692307692309309						
7.7146042363449885						
7.736900780380668						
7.759197324416347						
7.781493868452026						
7.803790412487705						
7.826086956523383						
7.848383500559064						
7.870680044594742						
7.892976588630422						
7.9152731326661						
7.93756967670178						
7.959866220737458						
7.982162764773139						
8.004459308808817						
8.026755852844497						
8.049052396880176						
8.071348940915854						
8.093645484951534						
8.115942028987213						
8.138238573022893						
8.16053511705857						
8.182831661094252						
8.20512820512993						
8.227424749165609						
8.249721293201288						
8.272017837236968						
8.294314381272647						
8.316610925308325						
8.338907469344004						
8.361204013379684						
8.383500557415363						
8.405797101451041						
8.428093645486722						
8.4503901895224						
8.47268673355808						
8.494983277593759						
8.517279821629439						
8.539576365665116						
8.561872909700798						
8.584169453736475						
8.606465997772155						
8.628762541807834						
8.651059085843512						
8.673355629879191						
8.69565217391487						
8.71794871795055						
8.74024526198623						
8.76254180602191						
8.784838350057587						
8.807134894093267						
8.829431438128944						
8.851727982164626						
8.874024526200305						
8.896321070235985						
8.918617614271662						
8.940914158307342						
8.963210702343021						
8.9855072463787						
9.007803790414378						
9.030100334450058						
9.052396878485737						
9.074693422521419						
9.096989966557096						
9.119286510592776						
9.141583054628455						
9.163879598664133						
9.186176142699813						
9.208472686735492						
9.230769230771172						
9.25306577480685						
9.275362318842529						
9.297658862878208						
9.319955406913888						
9.342251950949565						
9.364548494985247						
9.386845039020926						
9.409141583056604						
9.431438127092283						
9.453734671127963						
9.476031215163642						
9.49832775919932						
9.520624303235						
9.542920847270679						
9.565217391306359						
9.587513935342036						
9.609810479377717						
9.632107023413397						
9.654403567449075						
9.676700111484754						
9.698996655520434						
9.721293199556113						
9.74358974359179						
9.76588628762747						
9.78818283166315						
9.81047937569883						
9.832775919734507						
9.855072463770187						
9.877369007805868						
9.899665551841546						
9.921962095877225						
9.944258639912904						
9.966555183948584						
9.988851727984262						
