Reference	Reference	Reference	windowed Reference	windowed Reference	windowed Reference	Sample	Sample	Sample	windowed Sample	windowed Sample	windowed Sample
Time (ps)	Mean	std error	Time (ps)	Mean	std error	Time (ps)	Mean	std error	Time (ps)	Mean	std error
120.25	-0.000116		120.25	-0.0		122.49999999999999	-6.66667e-07		122.85	0.0	
120.29999999999998	-0.000143667		120.29999999999998	-5.318886012335221e-07		122.55000000000001	-9.33333e-06		122.9	1.4808929015947214e-08	
120.35000000000001	-9.3e-05		120.35000000000001	-1.3721315716806547e-06		122.6	2.73333e-05		122.95	-5.40984265584334e-07	
120.39999999999999	-9.23333e-05		120.39999999999999	-3.0462552137825166e-06		122.65	-1.4e-05		122.99999999999999	1.2097057729681426e-06	
120.45	-0.000153333		120.45	-8.915651163989049e-06		122.7	-2.26667e-05		123.05	-2.907283873657024e-06	
120.5	-0.000155333		120.5	-1.3955551436525106e-05		122.74999999999999	7.33333e-06		123.1	-2.575496554920295e-06	
120.54999999999998	-0.000107333		120.54999999999998	-1.3697183654780836e-05		122.80000000000001	-1.6e-05		123.15	-9.358349045597714e-07	
120.60000000000001	-0.000138667		120.60000000000001	-2.369814285364743e-05		122.85	6.66667e-07		123.2	-4.443391103830278e-06	
120.64999999999999	-0.000139		120.64999999999999	-3.0449205261367442e-05		122.9	4e-06		123.24999999999999	-1.0222762065975943e-06	
120.7	-0.000139667		120.7	-3.790266821550552e-05		122.95	-3.66667e-05		123.3	-3.6183754653411315e-07	
120.75	-0.000137667		120.75	-4.502871165632692e-05		122.99999999999999	3.66667e-05		123.35	1.090279845027379e-06	
120.79999999999998	-0.000132333		120.79999999999998	-5.099457705730911e-05		123.05	-5e-05		123.4	6.936307550131593e-06	
120.85000000000001	-9.16667e-05		120.85000000000001	-4.082050112649394e-05		123.1	-2.86667e-05		123.45	5.343772749732753e-06	
120.89999999999999	-5.4e-05		120.89999999999999	-2.7328763199653933e-05		123.15	-7.33333e-06		123.49999999999999	-7.4226439114882286e-06	
120.95	-6.8e-05		120.95	-3.854048642285954e-05		123.2	-2.6e-05		123.55	1.3224657821331006e-05	
121.0	-5.13333e-05		121.0	-3.215860259916343e-05		123.24999999999999	-4.66667e-06		123.6	-2.9235133138028927e-06	
121.04999999999998	-3e-06		121.04999999999998	-2.0528660609375426e-06		123.3	-1.33333e-06		123.65	2.6002970105208874e-05	
121.1	-3.93333e-05		121.1	-2.9082316897972958e-05		123.35	3.33333e-06		123.7	1.62663944229293e-05	
121.15000000000002	2.93333e-05		121.15000000000002	2.320057106386805e-05		123.4	1.8e-05		123.74999999999999	3.1637178311159057e-06	
121.2	5.36667e-05		121.2	4.498176412152079e-05		123.45	1.2e-05		123.8	3.967330459471479e-05	
121.25	5.76667e-05		121.25	5.0769798198485547e-05		123.49999999999999	-1.46667e-05		123.85	1.5847211086688503e-05	
121.29999999999998	0.000126667		121.29999999999998	0.0001161535007993286		123.55	2.33333e-05		123.9	-1.3449347897822736e-05	
121.35	0.000157		121.35	0.00014874523747111		123.6	-4.66667e-06		123.95	-1.0737416559435231e-05	
121.40000000000002	0.000155333		121.40000000000002	0.0001508623673604047		123.65	3.8e-05		123.99999999999999	1.683443101059081e-05	
121.45	0.000221333		121.45	0.00021868540110354302		123.7	2.2e-05		124.05	2.7006337391999716e-05	
121.5	0.000261		121.5	0.0002603813039230673		123.74999999999999	4e-06		124.1	4.855133641238597e-05	
121.54999999999998	0.000353333		121.54999999999998	0.000353333		123.8	4.73333e-05		124.15	3.66667e-05	
121.6	0.000432		121.6	0.000432		123.85	1.8e-05		124.19999999999999	2.2e-05	
121.65000000000002	0.000484		121.65000000000002	0.000484		123.9	-1.46667e-05		124.25000000000001	3.6e-05	
121.7	0.000676333		121.7	0.000676333		123.95	-1.13333e-05		124.3	2.8e-05	
121.75	0.0008		121.75	0.0008		123.99999999999999	1.73333e-05		124.35	6.13333e-05	
121.79999999999998	0.00107		121.79999999999998	0.00107		124.05	2.73333e-05		124.4	9.46667e-05	
121.85	0.00131		121.85	0.00131		124.1	4.86667e-05		124.44999999999999	0.000152	
121.90000000000002	0.00177		121.90000000000002	0.00177		124.15	3.66667e-05		124.50000000000001	0.000203333	
121.95	0.00237		121.95	0.00237		124.19999999999999	2.2e-05		124.55	0.000218	
121.99999999999999	0.00309		121.99999999999999	0.00309		124.25000000000001	3.6e-05		124.6	0.000278667	
122.04999999999998	0.00404		122.04999999999998	0.00404		124.3	2.8e-05		124.65	0.000332	
122.1	0.00531		122.1	0.00531		124.35	6.13333e-05		124.69999999999999	0.000291333	
122.15	0.0068		122.15	0.0068		124.4	9.46667e-05		124.75000000000001	0.000162667	
122.2	0.00844		122.2	0.00844		124.44999999999999	0.000152		124.8	7.66667e-05	
122.24999999999999	0.00995		122.24999999999999	0.00995		124.50000000000001	0.000203333		124.85	-4.86667e-05	
122.30000000000001	0.01115		122.30000000000001	0.01115		124.55	0.000218		124.9	-0.000402667	
122.35	0.0117		122.35	0.0117		124.6	0.000278667		124.94999999999999	-0.000608667	
122.4	0.01114		122.4	0.01114		124.65	0.000332		125.00000000000001	-0.000837333	
122.45	0.00889		122.45	0.00889		124.69999999999999	0.000291333		125.05	-0.000998667	
122.49999999999999	0.00492		122.49999999999999	0.00492		124.75000000000001	0.000162667		125.09999999999998	-0.000956	
122.55000000000001	-0.00101		122.55000000000001	-0.00101		124.8	7.66667e-05		125.15	-0.000693333	
122.6	-0.0083		122.6	-0.0083		124.85	-4.86667e-05		125.19999999999999	-0.000222	
122.65	-0.01635		122.65	-0.01635		124.9	-0.000402667		125.25	0.000432	
122.7	-0.02351		122.7	-0.02351		124.94999999999999	-0.000608667		125.3	0.00106	
122.74999999999999	-0.0277		122.74999999999999	-0.0277		125.00000000000001	-0.000837333		125.34999999999998	0.00153	
122.80000000000001	-0.0284		122.80000000000001	-0.0284		125.05	-0.000998667		125.4	0.00162	
122.85	-0.02409		122.85	-0.02409		125.09999999999998	-0.000956		125.44999999999999	0.00123	
122.9	-0.01544		122.9	-0.01544		125.15	-0.000693333		125.5	0.000438667	
122.95	-0.00314		122.95	-0.00314		125.19999999999999	-0.000222		125.55	-0.000538	
122.99999999999999	0.00938		122.99999999999999	0.00938		125.25	0.000432		125.59999999999998	-0.00146	
123.05	0.01886		123.05	0.01886		125.3	0.00106		125.65	-0.00181	
123.1	0.02336		123.1	0.02336		125.34999999999998	0.00153		125.69999999999999	-0.00159	
123.15	0.02121		123.15	0.02121		125.4	0.00162		125.75	-0.000748667	
123.2	0.01257		123.2	0.01257		125.44999999999999	0.00123		125.8	0.000306667	
123.24999999999999	0.00248		123.24999999999999	0.00248		125.5	0.000438667		125.84999999999998	0.00133	
123.3	-0.00742		123.3	-0.00742		125.55	-0.000538		125.9	0.0017	
123.35	-0.01263		123.35	-0.01263		125.59999999999998	-0.00146		125.94999999999999	0.00125	
123.4	-0.01201		123.4	-0.01201		125.65	-0.00181		126.0	0.000381333	
123.45	-0.00642		123.45	-0.00642		125.69999999999999	-0.00159		126.05	-0.000749333	
123.49999999999999	0.000946		123.49999999999999	0.000946		125.75	-0.000748667		126.09999999999998	-0.00144	
123.55	0.00658		123.55	0.00658		125.8	0.000306667		126.15	-0.00125	
123.6	0.00813		123.6	0.00813		125.84999999999998	0.00133		126.19999999999999	-0.000572667	
123.65	0.00526		123.65	0.00526		125.9	0.0017		126.25	0.000378	
123.7	-0.000310333		123.7	-0.000310333		125.94999999999999	0.00125		126.3	0.00109	
123.74999999999999	-0.00516		123.74999999999999	-0.00516		126.0	0.000381333		126.34999999999998	0.00113	
123.8	-0.00705		123.8	-0.00705		126.05	-0.000749333		126.39999999999999	0.000571333	
123.85	-0.00501		123.85	-0.00501		126.09999999999998	-0.00144		126.45000000000002	-0.000156667	
123.9	-0.000581		123.9	-0.000581		126.15	-0.00125		126.5	-0.000808	
123.95	0.00379		123.95	0.00379		126.19999999999999	-0.000572667		126.55	-0.000919333	
123.99999999999999	0.00571		123.99999999999999	0.00571		126.25	0.000378		126.59999999999998	-0.000563333	
124.05	0.00448		124.05	0.00448		126.3	0.00109		126.64999999999999	0.000103333	
124.1	0.00141		124.1	0.00141		126.34999999999998	0.00113		126.70000000000002	0.000518667	
124.15	-0.00202		124.15	-0.00202		126.39999999999999	0.000571333		126.75	0.000597333	
124.19999999999999	-0.00363		124.19999999999999	-0.00363		126.45000000000002	-0.000156667		126.8	0.000294	
124.25000000000001	-0.00313		124.25000000000001	-0.00313		126.5	-0.000808		126.84999999999998	-7.86667e-05	
124.3	-0.00122		124.3	-0.00122		126.55	-0.000919333		126.89999999999999	-0.000425333	
124.35	0.00085		124.35	0.00085		126.59999999999998	-0.000563333		126.95000000000002	-0.000501333	
124.4	0.00188		124.4	0.00188		126.64999999999999	0.000103333		127.0	-0.000198667	
124.44999999999999	0.00142		124.44999999999999	0.00142		126.70000000000002	0.000518667		127.05	9.73333e-05	
124.50000000000001	0.000165667		124.50000000000001	0.000165667		126.75	0.000597333		127.09999999999998	0.000282	
124.55	-0.000990667		124.55	-0.000990667		126.8	0.000294		127.14999999999999	0.000237333	
124.6	-0.00129		124.6	-0.00129		126.84999999999998	-7.86667e-05		127.20000000000002	0.000109333	
124.65	-0.000727333		124.65	-0.000727333		126.89999999999999	-0.000425333		127.25	-0.000158	
124.69999999999999	0.000218667		124.69999999999999	0.000218667		126.95000000000002	-0.000501333		127.29999999999998	-0.000208	
124.75000000000001	0.000876333		124.75000000000001	0.000876333		127.0	-0.000198667		127.34999999999998	-0.000176667	
124.8	0.000862		124.8	0.000862		127.05	9.73333e-05		127.39999999999999	2.06667e-05	
124.85	0.000301667		124.85	0.000301667		127.09999999999998	0.000282		127.45	0.000131333	
124.9	-0.000358333		124.9	-0.000358333		127.14999999999999	0.000237333		127.5	0.000145333	
124.94999999999999	-0.000684		124.94999999999999	-0.000684		127.20000000000002	0.000109333		127.54999999999998	3.4e-05	
125.00000000000001	-0.00051		125.00000000000001	-0.00051		127.25	-0.000158		127.60000000000001	-5.2e-05	
125.05	-7.03333e-05		125.05	-7.03333e-05		127.29999999999998	-0.000208		127.64999999999999	-8.13333e-05	
125.09999999999998	0.000432		125.09999999999998	0.000432		127.34999999999998	-0.000176667		127.7	-0.000105333	
125.15	0.000637		125.15	0.000637		127.39999999999999	2.06667e-05		127.75	-5.66667e-05	
125.19999999999999	0.000495333		125.19999999999999	0.000495333		127.45	0.000131333		127.79999999999998	-2.06667e-05	
125.25	0.000131333		125.25	0.000131333		127.5	0.000145333		127.85000000000001	9.6e-05	
125.3	-0.000277667		125.3	-0.000277667		127.54999999999998	3.4e-05		127.89999999999999	4.93333e-05	
125.34999999999998	-0.000514		125.34999999999998	-0.000514		127.60000000000001	-5.2e-05		127.95	1.73333e-05	
125.4	-0.000500333		125.4	-0.000500333		127.64999999999999	-8.13333e-05		128.0	-2.53333e-05	
125.44999999999999	-0.000335		125.44999999999999	-0.000335		127.7	-0.000105333		128.05	6.66667e-07	
125.5	-0.000160333		125.5	-0.000160333		127.75	-5.66667e-05		128.1	-2.66667e-05	
125.55	8.33333e-06		125.55	8.33333e-06		127.79999999999998	-2.06667e-05		128.15	-3.06667e-05	
125.59999999999998	0.000127667		125.59999999999998	0.000127667		127.85000000000001	9.6e-05		128.2	-1.4e-05	
125.65	0.000130333		125.65	0.000130333		127.89999999999999	4.93333e-05		128.25	2.33333e-05	
125.69999999999999	4.1e-05		125.69999999999999	4.1e-05		127.95	1.73333e-05		128.3	-1e-05	
125.75	1.7e-05		125.75	1.7e-05		128.0	-2.53333e-05		128.35	2.26667e-05	
125.8	-5.7e-05		125.8	-5.7e-05		128.05	6.66667e-07		128.39999999999998	-4.66667e-05	
125.84999999999998	-1.3e-05		125.84999999999998	-1.3e-05		128.1	-2.66667e-05		128.45	-1.33333e-05	
125.9	6.33333e-06		125.9	6.33333e-06		128.15	-3.06667e-05		128.5	-1.33333e-06	
125.94999999999999	5.43333e-05		125.94999999999999	5.43333e-05		128.2	-1.4e-05		128.55	-1.73333e-05	
126.0	1.03333e-05		126.0	1.03333e-05		128.25	2.33333e-05		128.6	-9.33333e-06	
126.05	-4.96667e-05		126.05	-4.96667e-05		128.3	-1e-05		128.65	-6e-06	
126.09999999999998	-5.43333e-05		126.09999999999998	-5.43333e-05		128.35	2.26667e-05		128.7	2.66667e-05	
126.15	-0.000107		126.15	-0.000107		128.39999999999998	-4.66667e-05		128.75	3.73333e-05	
126.19999999999999	-4.3e-05		126.19999999999999	-4.3e-05		128.45	-1.33333e-05		128.8	-1.46667e-05	
126.25	3.8e-05		126.25	3.8e-05		128.5	-1.33333e-06		128.85	-6.4e-05	
126.3	0.000137333		126.3	0.000137333		128.55	-1.73333e-05		128.9	-3.33333e-05	
126.34999999999998	0.000256667		126.34999999999998	0.000256667		128.6	-9.33333e-06		128.95	-6.26667e-05	
126.39999999999999	0.000246333		126.39999999999999	0.000246333		128.65	-6e-06		129.0	1e-05	
126.45000000000002	8.76667e-05		126.45000000000002	8.76667e-05		128.7	2.66667e-05		129.05	-7.33333e-06	
126.5	-9.33333e-05		126.5	-9.33333e-05		128.75	3.73333e-05		129.1	2.93333e-05	
126.55	-0.000242333		126.55	-0.000242333		128.8	-1.46667e-05		129.15	4.66667e-05	
126.59999999999998	-0.000284667		126.59999999999998	-0.000284667		128.85	-6.4e-05		129.2	-4e-06	
126.64999999999999	-0.000280667		126.64999999999999	-0.000280667		128.9	-3.33333e-05		129.25	-1.13333e-05	
126.70000000000002	-0.000135		126.70000000000002	-0.000135		128.95	-6.26667e-05		129.3	1.8e-05	
126.75	-3.63333e-05		126.75	-3.63333e-05		129.0	1e-05		129.35	-3.46667e-05	
126.8	8.26667e-05		126.8	8.26667e-05		129.05	-7.33333e-06		129.4	3.2e-05	
126.84999999999998	0.000145667		126.84999999999998	0.000145667		129.1	2.93333e-05		129.45	1.86667e-05	
126.89999999999999	9.6e-05		126.89999999999999	9.6e-05		129.15	4.66667e-05		129.5	-3.86667e-05	
126.95000000000002	0.000159		126.95000000000002	0.000159		129.2	-4e-06		129.55	-8.66667e-06	
127.0	0.000138333		127.0	0.000138333		129.25	-1.13333e-05		129.6	3.33333e-06	
127.05	0.000118667		127.05	0.000118667		129.3	1.8e-05		129.65	-2.46667e-05	
127.09999999999998	0.000108667		127.09999999999998	0.000108667		129.35	-3.46667e-05		129.7	1.13333e-05	
127.14999999999999	9.16667e-05		127.14999999999999	9.16667e-05		129.4	3.2e-05		129.75	4.33333e-05	
127.20000000000002	-3.06667e-05		127.20000000000002	-3.06667e-05		129.45	1.86667e-05		129.8	7e-05	
127.25	-8.73333e-05		127.25	-8.73333e-05		129.5	-3.86667e-05		129.85	1.06667e-05	
127.29999999999998	-0.000126333		127.29999999999998	-0.000126333		129.55	-8.66667e-06		129.9	-2.46667e-05	
127.34999999999998	-5.53333e-05		127.34999999999998	-5.53333e-05		129.6	3.33333e-06		129.95	-2.93333e-05	
127.39999999999999	4e-05		127.39999999999999	4e-05		129.65	-2.46667e-05		130.0	4.13333e-05	
127.45	0.000154667		127.45	0.000154667		129.7	1.13333e-05		130.05	-4.26667e-05	
127.5	0.000177		127.5	0.000177		129.75	4.33333e-05		130.1	-1.86667e-05	
127.54999999999998	0.000151667		127.54999999999998	0.000151667		129.8	7e-05		130.15	-1.73333e-05	
127.60000000000001	2.06667e-05		127.60000000000001	2.0617709937880665e-05		129.85	1.06667e-05		130.19999999999996	4.655607737849273e-06	
127.64999999999999	-5.36667e-05		127.64999999999999	-5.3024735649015336e-05		129.9	-2.46667e-05		130.25	-5.269532380022676e-06	
127.7	-0.000135		127.7	-0.00013111457059127572		129.95	-2.93333e-05		130.3	-2.9136571242505715e-05	
127.75	-0.000117333		127.75	-0.00011116385317323413		130.0	4.13333e-05		130.35	-8.21099291231685e-06	
127.79999999999998	-6.7e-05		127.79999999999998	-6.143892689931089e-05		130.05	-4.26667e-05		130.4	-2.689860409575457e-05	
127.85000000000001	3.1e-05		127.85000000000001	2.7292419093741324e-05		130.1	-1.86667e-05		130.44999999999996	2.112961478225135e-05	
127.89999999999999	0.000101		127.89999999999999	8.465506871623565e-05		130.15	-1.73333e-05		130.5	-2.9615276628429395e-05	
127.95	0.000108333		127.95	8.568376094956978e-05		130.19999999999996	4.66667e-06		130.55	1.054569973940442e-06	
128.0	2.6e-05		128.0	1.9223920681643695e-05		130.25	-5.33333e-06		130.6	2.612479063925851e-05	
128.05	4.33333e-05		128.05	2.9652486959474954e-05		130.3	-3e-05		130.65	-1.6879143755109368e-05	
128.1	1.7e-05		128.1	1.0649933750329291e-05		130.35	-8.66667e-06		130.7	-2.9235133138028936e-06	
128.15	6.6e-05		128.15	3.7406942704540055e-05		130.4	-2.93333e-05		130.75	-1.0579760263376329e-05	
128.2	0.000101		128.2	5.111490894750088e-05		130.44999999999996	2.4e-05		130.8	-1.552005522990421e-05	
128.25	8.63333e-05		128.25	3.8445461327875215e-05		130.5	-3.53333e-05		130.85	8.906287916221254e-06	
128.3	0.000115333		128.3	4.444361992662909e-05		130.55	1.33333e-06		130.9	6.165606711228056e-06	
128.35	3.3e-05		128.35	1.0793781259552345e-05		130.6	3.53333e-05		130.95	1.52639439971258e-05	
128.39999999999998	-4.2e-05		128.39999999999998	-1.1397911210602574e-05		130.65	-2.46667e-05		131.0	-7.236778068566087e-07	
128.45	-7.43333e-05		128.45	-1.628338064355972e-05		130.7	-4.66667e-06		131.05	1.051483347155133e-05	
128.5	-7.46667e-05		128.5	-1.2760513482014046e-05		130.75	-1.86667e-05		131.1	1.0253979470377595e-06	
128.55	-3.33333e-05		128.55	-4.253792700473333e-06		130.8	-3.06667e-05		131.15	3.2328814314484642e-06	
128.6	4.06667e-05		128.6	3.653610138243215e-06		130.85	2e-05		131.2	-4.19266692990468e-07	
128.65	7.3e-05		128.65	4.244634455539271e-06		130.9	1.6e-05		131.25	-1.201679272634157e-06	
128.7	7.53333e-05		128.7	2.4853921380091823e-06		130.95	4.66667e-05		131.3	2.1994641419799313e-08	
128.75	8.26667e-05		128.75	1.21967299996399e-06		131.0	-2.66667e-06		131.35	1.0819670557583555e-07	
128.8	-1.5e-05		128.8	-5.5533483809802054e-08		131.05	4.8e-05		131.4	9.625803860365688e-08	
128.85	-9.4e-05		128.85	-0.0		131.1	6e-06		131.45	0.0	
128.9	-0.000130667					131.15	2.53333e-05				
128.95	-0.000138					131.2	-4.66667e-06				
129.0	-8.1e-05					131.25	-2.06667e-05				
129.05	3.76667e-05					131.3	6.66667e-07				
129.1	6.83333e-05					131.35	7.33333e-06				
129.15	0.000100333					131.4	2.6e-05				
129.2	6.06667e-05					131.45	1.33333e-06				
