Frequency	σRe	σIm
3.02734000E+11	NaN	6.02675800E+01
3.07617000E+11	NaN	6.33050200E+01
3.12500000E+11	NaN	6.57230600E+01
3.17383000E+11	NaN	6.78387600E+01
3.22266000E+11	NaN	7.34793200E+01
3.27148000E+11	NaN	7.55279900E+01
3.32031000E+11	NaN	8.11493600E+01
3.36914000E+11	NaN	8.38241200E+01
3.41797000E+11	NaN	8.61895700E+01
3.46680000E+11	NaN	8.85966000E+01
3.51563000E+11	NaN	8.90474300E+01
3.56445000E+11	NaN	9.18768000E+01
3.61328000E+11	NaN	8.98883100E+01
3.66211000E+11	NaN	9.16585400E+01
3.71094000E+11	NaN	9.03925200E+01
3.75977000E+11	NaN	8.98080000E+01
3.80859000E+11	NaN	8.95585300E+01
3.85742000E+11	NaN	8.83896000E+01
3.90625000E+11	NaN	8.78650100E+01
3.95508000E+11	NaN	8.67178100E+01
4.00391000E+11	NaN	8.64831100E+01
4.05273000E+11	NaN	8.62346000E+01
4.10156000E+11	NaN	8.62963900E+01
4.15039000E+11	NaN	8.63453000E+01
4.19922000E+11	NaN	8.63817000E+01
4.24805000E+11	NaN	8.64059700E+01
4.29688000E+11	NaN	8.67441500E+01
4.34570000E+11	NaN	8.70722900E+01
4.39453000E+11	NaN	8.90724600E+01
4.44336000E+11	NaN	8.97489400E+01
4.49219000E+11	NaN	9.17791100E+01
4.54102000E+11	NaN	9.34953500E+01
4.58984000E+11	NaN	9.48944600E+01
4.63867000E+11	NaN	9.73468900E+01
4.68750000E+11	NaN	9.87835400E+01
4.73633000E+11	NaN	1.00950210E+02
4.78516000E+11	NaN	1.02425440E+02
4.83398000E+11	NaN	1.04640810E+02
4.88281000E+11	NaN	1.04766860E+02
4.93164000E+11	NaN	1.06295270E+02
4.98047000E+11	NaN	1.06775330E+02
5.02930000E+11	2.00074560E+02	1.07589350E+02
5.07813000E+11	1.97663220E+02	1.07013010E+02
5.12695000E+11	1.94561890E+02	1.05363580E+02
5.17578000E+11	1.93748590E+02	1.05419000E+02
5.22461000E+11	1.92884990E+02	1.05469600E+02
5.27344000E+11	1.92240330E+02	1.04731210E+02
5.32227000E+11	1.91542650E+02	1.03973110E+02
5.37109000E+11	1.91717920E+02	1.03504150E+02
5.41992000E+11	1.90923320E+02	1.02705920E+02
5.46875000E+11	1.91020730E+02	1.02195420E+02
5.51758000E+11	1.92039270E+02	1.01971990E+02
5.56641000E+11	1.92344540E+02	1.00583680E+02
5.61523000E+11	1.93324500E+02	1.00311180E+02
5.66406000E+11	1.94289430E+02	1.00018980E+02
5.71289000E+11	1.95508930E+02	9.88440700E+01
5.76172000E+11	1.96715100E+02	9.76311400E+01
5.81055000E+11	1.98655050E+02	9.75771000E+01
5.85938000E+11	2.00599590E+02	9.75070200E+01
5.90820000E+11	2.02548720E+02	9.74208800E+01
5.95703000E+11	2.00855550E+02	9.42209500E+01
6.00586000E+11	2.04622350E+02	9.56347700E+01
6.05469000E+11	2.04426780E+02	9.48395200E+01
6.10352000E+11	2.07154310E+02	9.59294800E+01
6.15234000E+11	2.07723980E+02	9.63691900E+01
6.20117000E+11	2.10468780E+02	9.74643500E+01
6.25000000E+11	2.11837010E+02	9.91876900E+01
6.29883000E+11	2.13200730E+02	1.00924660E+02
6.34766000E+11	2.14266420E+02	1.03642080E+02
6.39648000E+11	2.14495830E+02	1.05071580E+02
6.44531000E+11	2.14411760E+02	1.07488880E+02
6.49414000E+11	2.14307870E+02	1.09927050E+02
6.54297000E+11	2.14184290E+02	1.12386010E+02
6.59180000E+11	2.12896560E+02	1.14523690E+02
6.64063000E+11	2.11578870E+02	1.16682480E+02
6.68945000E+11	2.10524700E+02	1.17861590E+02
6.73828000E+11	2.09438930E+02	1.19051490E+02
6.78711000E+11	2.07440660E+02	1.18903200E+02
6.83594000E+11	2.06284110E+02	1.20110580E+02
6.88477000E+11	2.04196010E+02	1.19971710E+02
6.93359000E+11	2.02969120E+02	1.21197410E+02
6.98242000E+11	2.01993790E+02	1.21394430E+02
7.03125000E+11	2.00984830E+02	1.21590090E+02
7.08008000E+11	1.99001020E+02	1.20406280E+02
7.12891000E+11	1.99144150E+02	1.20914430E+02
7.17773000E+11	1.98309330E+02	1.20027360E+02
7.22656000E+11	1.98410500E+02	1.20523250E+02
7.27539000E+11	1.97513610E+02	1.19609630E+02
7.32422000E+11	1.96579630E+02	1.18679440E+02
7.37305000E+11	1.93051450E+02	1.17109340E+02
7.42188000E+11	1.98190790E+02	1.18829400E+02
7.47070000E+11	1.94582880E+02	1.17225350E+02
7.51953000E+11	1.94548960E+02	1.17678830E+02
7.56836000E+11	1.94498090E+02	1.18130350E+02
7.61719000E+11	1.94699930E+02	1.17434010E+02
7.66602000E+11	1.95948010E+02	1.18186790E+02
7.71484000E+11	1.95854610E+02	1.18625190E+02
7.76367000E+11	1.96821220E+02	1.20543970E+02
7.81250000E+11	1.96702520E+02	1.20985910E+02
7.86133000E+11	1.97931910E+02	1.21742070E+02
7.91016000E+11	1.97787770E+02	1.22180290E+02
7.95898000E+11	1.98732670E+02	1.24130200E+02
8.00781000E+11	1.98287550E+02	1.25773470E+02
8.05664000E+11	1.98101540E+02	1.26221030E+02
8.10547000E+11	1.97898620E+02	1.26666980E+02
8.15430000E+11	1.97403850E+02	1.28333000E+02
8.20313000E+11	1.95748970E+02	1.28467120E+02
8.25195000E+11	1.96639890E+02	1.30466370E+02
8.30078000E+11	1.96096200E+02	1.32161010E+02
8.34961000E+11	1.94370150E+02	1.32306700E+02
8.39844000E+11	1.95233760E+02	1.34333400E+02
8.44727000E+11	1.93459670E+02	1.34484680E+02
8.49609000E+11	1.93114950E+02	1.34948910E+02
8.54492000E+11	1.91282000E+02	1.35101740E+02
8.59375000E+11	1.90895230E+02	1.35564190E+02
8.64258000E+11	1.84796880E+02	1.33524480E+02
8.69141000E+11	1.84342220E+02	1.33980280E+02
8.74023000E+11	1.83870710E+02	1.34435160E+02
8.78906000E+11	1.81866810E+02	1.34594550E+02
8.83789000E+11	1.81353200E+02	1.35048520E+02
8.88672000E+11	1.80822760E+02	1.35501720E+02
8.93555000E+11	1.80275470E+02	1.35954190E+02
8.98438000E+11	1.79962340E+02	1.35063690E+02
9.03320000E+11	1.79380570E+02	1.35507520E+02
9.08203000E+11	1.78781930E+02	1.35950730E+02
9.13086000E+11	1.78414920E+02	1.35027320E+02
9.17969000E+11	1.77781670E+02	1.35462130E+02
9.22852000E+11	1.77378240E+02	1.34513860E+02
9.27734000E+11	1.76710290E+02	1.34940410E+02
9.32617000E+11	1.77640350E+02	1.35650630E+02
9.37500000E+11	1.76947030E+02	1.36075290E+02
9.42383000E+11	1.77868630E+02	1.36784010E+02
9.47266000E+11	1.75753780E+02	1.35502450E+02
9.52148000E+11	1.75008700E+02	1.35918850E+02
9.57031000E+11	1.74246690E+02	1.36335020E+02
9.61914000E+11	1.73467740E+02	1.36751000E+02
9.66797000E+11	1.72671860E+02	1.37166820E+02
9.71680000E+11	1.71859050E+02	1.37582540E+02
9.76563000E+11	1.72722660E+02	1.38273910E+02
9.81445000E+11	1.71884450E+02	1.38688190E+02
9.86328000E+11	1.70791760E+02	1.40582190E+02
9.91211000E+11	1.71637270E+02	1.41278140E+02
9.96094000E+11	1.70757940E+02	1.41698400E+02
1.00098000E+12	1.69861710E+02	1.42118750E+02
1.00586000E+12	1.70690300E+02	1.42812010E+02
1.01074000E+12	1.69768710E+02	1.43231150E+02
1.01563000E+12	1.68830200E+02	1.43650470E+02
1.02051000E+12	1.69641880E+02	1.44341090E+02
1.02539000E+12	1.68678010E+02	1.44759330E+02
1.03027000E+12	1.67930460E+02	1.43632160E+02
1.03516000E+12	1.68491990E+02	1.45865890E+02
1.04004000E+12	1.67718790E+02	1.44723110E+02
1.04492000E+12	1.66694310E+02	1.45133700E+02
1.04980000E+12	1.67473250E+02	1.45811900E+02
1.05469000E+12	1.64823140E+02	1.44371650E+02
1.05957000E+12	1.65586210E+02	1.45040040E+02
1.06445000E+12	1.66349280E+02	1.45708430E+02
1.06934000E+12	1.61765990E+02	1.43978350E+02
1.07422000E+12	1.62504650E+02	1.44635780E+02
1.07910000E+12	1.65119670E+02	1.45555860E+02
1.08398000E+12	1.62321630E+02	1.44056800E+02
1.08887000E+12	1.61156840E+02	1.44446740E+02
1.09375000E+12	1.61879520E+02	1.45094490E+02
1.09863000E+12	1.62602200E+02	1.45742230E+02
1.10352000E+12	1.61403400E+02	1.46130590E+02
1.10840000E+12	1.62117580E+02	1.46777190E+02
1.11328000E+12	1.60893280E+02	1.47165210E+02
1.11816000E+12	1.61822460E+02	1.46123810E+02
1.12305000E+12	1.60570930E+02	1.46504180E+02
1.12793000E+12	1.61269060E+02	1.47141160E+02
1.13281000E+12	1.59991990E+02	1.47521320E+02
1.13770000E+12	1.60681610E+02	1.48157190E+02
1.14258000E+12	1.59378990E+02	1.48537210E+02
1.14746000E+12	1.60060100E+02	1.49171990E+02
1.15234000E+12	1.60741210E+02	1.49806760E+02
1.15723000E+12	1.59404530E+02	1.50185630E+02
1.16211000E+12	1.60077130E+02	1.50819320E+02
1.16699000E+12	1.56896520E+02	1.49183660E+02
1.17188000E+12	1.55506840E+02	1.49558500E+02
1.17676000E+12	1.54100120E+02	1.49934520E+02
1.18164000E+12	1.54739540E+02	1.50556660E+02
1.18652000E+12	1.53307240E+02	1.50932910E+02
1.19141000E+12	1.53938130E+02	1.51554030E+02
1.19629000E+12	1.52480260E+02	1.51930570E+02
1.20117000E+12	1.53102630E+02	1.52550700E+02
1.20605000E+12	1.51619170E+02	1.52927600E+02
1.21094000E+12	1.52233020E+02	1.53546740E+02
1.21582000E+12	1.52846860E+02	1.54165880E+02
1.22070000E+12	1.51329300E+02	1.54542240E+02
1.22559000E+12	1.51934620E+02	1.55160410E+02
1.23047000E+12	1.52539940E+02	1.55778580E+02
1.23535000E+12	1.50988280E+02	1.56154490E+02
1.24023000E+12	1.51585070E+02	1.56771700E+02
1.24512000E+12	1.52181860E+02	1.57388910E+02
1.25000000E+12	1.50596100E+02	1.57764470E+02
1.25488000E+12	1.51184370E+02	1.58380740E+02
1.25977000E+12	1.51772630E+02	1.58997000E+02
1.26465000E+12	1.50152770E+02	1.59372300E+02
1.26953000E+12	1.50732510E+02	1.59987640E+02
1.27441000E+12	1.51312250E+02	1.60602980E+02
1.27930000E+12	1.51891990E+02	1.61218310E+02
1.28418000E+12	1.52471730E+02	1.61833650E+02
1.28906000E+12	1.46500990E+02	1.59783590E+02
1.29395000E+12	1.44793520E+02	1.60156680E+02
1.29883000E+12	1.45339910E+02	1.60761040E+02
1.30371000E+12	1.45886300E+02	1.61365410E+02
1.30859000E+12	1.46432690E+02	1.61969770E+02
1.31348000E+12	1.44682540E+02	1.62342140E+02
1.31836000E+12	1.45220390E+02	1.62945640E+02
1.32324000E+12	1.45758240E+02	1.63549140E+02
1.32813000E+12	1.44172250E+02	1.61909830E+02
1.33301000E+12	1.44702290E+02	1.62505090E+02
1.33789000E+12	1.45032570E+02	1.65127050E+02
1.34277000E+12	1.45762380E+02	1.63695600E+02
1.34766000E+12	1.43932870E+02	1.64060320E+02
1.35254000E+12	1.44454370E+02	1.64654740E+02
1.35742000E+12	1.44975860E+02	1.65249160E+02
1.36230000E+12	1.45497360E+02	1.65843580E+02
1.36719000E+12	1.43822660E+02	1.64133980E+02
1.37207000E+12	1.44336320E+02	1.64720180E+02
1.37695000E+12	1.44849970E+02	1.65306370E+02
1.38184000E+12	1.45363620E+02	1.65892560E+02
1.38672000E+12	1.38773770E+02	1.63695340E+02
1.39160000E+12	1.39262410E+02	1.64271730E+02
1.39648000E+12	1.39751050E+02	1.64848120E+02
1.40137000E+12	1.37779350E+02	1.65204270E+02
1.40625000E+12	1.38449070E+02	1.63640840E+02
1.41113000E+12	1.38929800E+02	1.64209030E+02
1.41602000E+12	1.36921050E+02	1.64558630E+02
1.42090000E+12	1.37393190E+02	1.65126070E+02
1.42578000E+12	1.37865330E+02	1.65693510E+02
1.43066000E+12	1.38337470E+02	1.66260960E+02
1.43555000E+12	1.36285800E+02	1.66610770E+02
1.44043000E+12	1.36749360E+02	1.67177480E+02
1.44531000E+12	1.37212920E+02	1.67744180E+02
1.45020000E+12	1.37676470E+02	1.68310880E+02
1.45508000E+12	1.35581880E+02	1.68661050E+02
1.45996000E+12	1.36036860E+02	1.69227020E+02
1.46484000E+12	1.36491830E+02	1.69793000E+02
1.46973000E+12	1.36946800E+02	1.70358980E+02
1.47461000E+12	1.34809290E+02	1.70709610E+02
1.47949000E+12	1.35255680E+02	1.71274870E+02
1.48438000E+12	1.35702060E+02	1.71840140E+02
1.48926000E+12	1.31091300E+02	1.69714430E+02
1.49414000E+12	1.28890690E+02	1.70065140E+02
1.49902000E+12	1.29311900E+02	1.70620910E+02
1.50391000E+12	1.27085500E+02	1.70973790E+02
1.50879000E+12	1.27498110E+02	1.71528900E+02
1.51367000E+12	1.27910730E+02	1.72084010E+02
1.51855000E+12	1.28323340E+02	1.72639120E+02
1.52344000E+12	1.26226400E+02	1.70669280E+02
1.52832000E+12	1.26630970E+02	1.71216290E+02
1.53320000E+12	1.27035540E+02	1.71763310E+02
1.53809000E+12	1.27440120E+02	1.72310330E+02
1.54297000E+12	1.27844690E+02	1.72857340E+02
1.54785000E+12	1.25520550E+02	1.73204150E+02
1.55273000E+12	1.25916520E+02	1.73750540E+02
1.55762000E+12	1.26312480E+02	1.74296920E+02
1.56250000E+12	1.26708440E+02	1.74843310E+02
1.56738000E+12	1.24511130E+02	1.72797360E+02
1.57227000E+12	1.24899020E+02	1.73335670E+02
1.57715000E+12	1.25286900E+02	1.73873980E+02
1.58203000E+12	1.25674790E+02	1.74412290E+02
1.58691000E+12	1.20624230E+02	1.72135040E+02
1.59180000E+12	1.20995380E+02	1.72664690E+02
1.59668000E+12	1.21366530E+02	1.73194340E+02
1.60156000E+12	1.21737680E+02	1.73723980E+02
1.60645000E+12	1.24948570E+02	1.74448010E+02
1.61133000E+12	1.19794600E+02	1.72124980E+02
1.61621000E+12	1.20157610E+02	1.72646570E+02
1.62109000E+12	1.20520630E+02	1.73168160E+02
1.62598000E+12	1.20883640E+02	1.73689760E+02
1.63086000E+12	1.21246650E+02	1.74211350E+02
1.63574000E+12	1.21609670E+02	1.74732940E+02
1.64063000E+12	1.21972680E+02	1.75254530E+02
1.64551000E+12	1.22335700E+02	1.75776120E+02
1.65039000E+12	1.22698710E+02	1.76297710E+02
1.65527000E+12	1.20131680E+02	1.76628220E+02
1.66016000E+12	1.20486050E+02	1.77149250E+02
1.66504000E+12	1.20840420E+02	1.77670270E+02
1.66992000E+12	1.21194790E+02	1.78191300E+02
1.67480000E+12	1.21549170E+02	1.78712330E+02
1.67969000E+12	1.16114790E+02	1.76283580E+02
1.68457000E+12	1.16452330E+02	1.76796030E+02
1.68945000E+12	1.16789870E+02	1.77308480E+02
1.69434000E+12	1.14124150E+02	1.77639480E+02
1.69922000E+12	1.14453040E+02	1.78151410E+02
1.70410000E+12	1.20823080E+02	1.79033070E+02
1.70898000E+12	1.21169280E+02	1.79546060E+02
1.71387000E+12	1.21515470E+02	1.80059050E+02
1.71875000E+12	1.12875200E+02	1.77380350E+02
1.72363000E+12	1.13195870E+02	1.77884270E+02
1.72852000E+12	1.13516540E+02	1.78388200E+02
1.73340000E+12	1.16913890E+02	1.79072930E+02
1.73828000E+12	1.14157870E+02	1.79396040E+02
1.74316000E+12	1.14478540E+02	1.79899960E+02
1.74805000E+12	1.11848090E+02	1.77538280E+02
1.75293000E+12	1.12160510E+02	1.78034190E+02
1.75781000E+12	1.12472940E+02	1.78530110E+02
1.76270000E+12	1.15918290E+02	1.79204990E+02
1.76758000E+12	1.13097780E+02	1.79521950E+02
1.77246000E+12	1.13410210E+02	1.80017860E+02
1.77734000E+12	1.10713490E+02	1.77601390E+02
1.78223000E+12	1.11017650E+02	1.78089300E+02
1.78711000E+12	1.11321800E+02	1.78577220E+02
1.79199000E+12	1.11625960E+02	1.79065130E+02
1.79688000E+12	1.15128120E+02	1.79730490E+02
1.80176000E+12	1.15440970E+02	1.80218880E+02
1.80664000E+12	1.15753820E+02	1.80707280E+02
1.81152000E+12	1.16066670E+02	1.81195680E+02
1.81641000E+12	1.09913990E+02	1.81330400E+02
1.82129000E+12	1.10209450E+02	1.81817850E+02
1.82617000E+12	1.07399910E+02	1.79319240E+02
1.83105000E+12	1.07687080E+02	1.79798700E+02
1.83594000E+12	1.07974240E+02	1.80278170E+02
1.84082000E+12	1.08261410E+02	1.80757630E+02
1.84570000E+12	1.08548570E+02	1.81237090E+02
1.85059000E+12	1.12133790E+02	1.81889000E+02
1.85547000E+12	1.09122910E+02	1.82196020E+02
1.86035000E+12	1.09410070E+02	1.82675480E+02
1.86523000E+12	1.06516830E+02	1.80106320E+02
1.87012000E+12	1.03458300E+02	1.80413940E+02
1.87500000E+12	1.03728430E+02	1.80885000E+02
1.87988000E+12	1.10708140E+02	1.81690710E+02
1.88477000E+12	1.07632190E+02	1.81992250E+02
1.88965000E+12	1.07911020E+02	1.82463730E+02
1.89453000E+12	1.01564880E+02	1.79679290E+02
1.89941000E+12	1.01826640E+02	1.80142380E+02
1.90430000E+12	1.02088410E+02	1.80605470E+02
1.90918000E+12	1.02350170E+02	1.81068570E+02
1.91406000E+12	1.06032340E+02	1.81694050E+02
1.91895000E+12	1.09731950E+02	1.82325690E+02
1.92383000E+12	1.10011170E+02	1.82789620E+02
1.92871000E+12	1.10290380E+02	1.83253560E+02
1.93359000E+12	1.07114300E+02	1.83548070E+02
1.93848000E+12	1.07384790E+02	1.84011570E+02
1.94336000E+12	1.04182530E+02	1.84310200E+02
1.94824000E+12	1.01098890E+02	1.81597130E+02
1.95313000E+12	1.01352270E+02	1.82052260E+02
1.95801000E+12	1.01605650E+02	1.82507390E+02
1.96289000E+12	9.83466500E+01	1.82806910E+02
1.96777000E+12	9.85912900E+01	1.83261650E+02
1.97266000E+12	9.88359400E+01	1.83716400E+02
1.97754000E+12	9.90805800E+01	1.84171140E+02
1.98242000E+12	1.02872550E+02	1.84783040E+02
1.98730000E+12	1.03125930E+02	1.85238170E+02
1.99219000E+12	1.03379310E+02	1.85693300E+02
1.99707000E+12	9.66154700E+01	1.82741290E+02
2.00195000E+12	9.68516900E+01	1.83188090E+02
2.00684000E+12	9.70879200E+01	1.83634890E+02
2.01172000E+12	9.73241400E+01	1.84081690E+02
2.01660000E+12	1.01173710E+02	1.84682750E+02
2.02148000E+12	1.01418680E+02	1.85129930E+02
2.02637000E+12	1.01663660E+02	1.85577100E+02
2.03125000E+12	9.47566300E+01	1.82565880E+02
2.03613000E+12	9.49844100E+01	1.83004740E+02
2.04102000E+12	9.52121900E+01	1.83443600E+02
2.04590000E+12	9.54399700E+01	1.83882460E+02
2.05078000E+12	1.03026810E+02	1.84629370E+02
2.05566000E+12	9.95838200E+01	1.84911710E+02
2.06055000E+12	9.98203700E+01	1.85350930E+02
2.06543000E+12	1.00056910E+02	1.85790150E+02
2.07031000E+12	1.00293450E+02	1.86229370E+02
2.07520000E+12	1.00529990E+02	1.86668590E+02
2.08008000E+12	9.34275800E+01	1.83573520E+02
2.08496000E+12	9.36468900E+01	1.84004450E+02
2.08984000E+12	9.01115600E+01	1.84292950E+02
2.09473000E+12	9.03221000E+01	1.84723540E+02
2.09961000E+12	9.05326400E+01	1.85154130E+02
2.10449000E+12	9.07431800E+01	1.85584720E+02
2.10938000E+12	9.09537200E+01	1.86015310E+02
2.11426000E+12	9.87612900E+01	1.86739960E+02
2.11914000E+12	9.89893700E+01	1.87171230E+02
2.12402000E+12	9.92174600E+01	1.87602500E+02
2.12891000E+12	9.56207200E+01	1.87882760E+02
2.13379000E+12	8.82910200E+01	1.84707430E+02
2.13867000E+12	8.84930600E+01	1.85130100E+02
2.14355000E+12	8.86951000E+01	1.85552770E+02
2.14844000E+12	9.66273200E+01	1.86262300E+02
2.15332000E+12	9.29730500E+01	1.86538870E+02
2.15820000E+12	9.31838800E+01	1.86961860E+02
2.16309000E+12	8.57264200E+01	1.83736600E+02
2.16797000E+12	8.59199300E+01	1.84151360E+02
2.17285000E+12	8.61134400E+01	1.84566110E+02
2.17773000E+12	9.02300000E+01	1.85117170E+02
2.18262000E+12	9.43641500E+01	1.85674900E+02
2.18750000E+12	9.45752500E+01	1.86090280E+02
2.19238000E+12	9.08369300E+01	1.86362350E+02
2.19727000E+12	9.10392400E+01	1.86777410E+02
2.20215000E+12	8.73912000E+01	1.83617700E+02
2.20703000E+12	8.75849700E+01	1.84024830E+02
2.21191000E+12	8.77787400E+01	1.84431970E+02
2.21680000E+12	8.79725200E+01	1.84839100E+02
2.22168000E+12	8.41587300E+01	1.85113370E+02
2.22656000E+12	8.83600600E+01	1.85653370E+02
2.23145000E+12	9.25790100E+01	1.86200160E+02
2.23633000E+12	9.27815900E+01	1.86607600E+02
2.24121000E+12	9.29841700E+01	1.87015040E+02
2.24609000E+12	9.31867500E+01	1.87422480E+02
2.25098000E+12	8.93289200E+01	1.87689040E+02
2.25586000E+12	8.95226900E+01	1.88096180E+02
2.26074000E+12	8.16693200E+01	1.84706080E+02
2.26563000E+12	8.18457100E+01	1.85105020E+02
2.27051000E+12	8.20221000E+01	1.85503950E+02
2.27539000E+12	8.21984900E+01	1.85902880E+02
2.28027000E+12	8.23748800E+01	1.86301810E+02
2.28516000E+12	8.25512700E+01	1.86700750E+02
2.29004000E+12	8.27276700E+01	1.87099680E+02
2.29492000E+12	8.70492600E+01	1.87629480E+02
2.29980000E+12	8.72344700E+01	1.88028690E+02
2.30469000E+12	8.74196800E+01	1.88427900E+02
2.30957000E+12	8.76048900E+01	1.88827110E+02
2.31445000E+12	8.77901000E+01	1.89226330E+02
2.31934000E+12	8.79753200E+01	1.89625540E+02
2.32422000E+12	8.81605300E+01	1.90024750E+02
2.32910000E+12	8.83457400E+01	1.90423960E+02
2.33398000E+12	8.85309500E+01	1.90823170E+02
2.33887000E+12	8.03740200E+01	1.87302070E+02
2.34375000E+12	7.63027800E+01	1.87572480E+02
2.34863000E+12	7.64617400E+01	1.87963260E+02
2.35352000E+12	7.66207100E+01	1.88354040E+02
2.35840000E+12	7.67796700E+01	1.88744810E+02
2.36328000E+12	7.69386300E+01	1.89135590E+02
2.36816000E+12	8.13808000E+01	1.89648230E+02
2.37305000E+12	8.58406200E+01	1.90167980E+02
2.37793000E+12	8.17163900E+01	1.90430280E+02
2.38281000E+12	8.18841800E+01	1.90821310E+02
2.38770000E+12	8.20519800E+01	1.91212340E+02
2.39258000E+12	7.79961400E+01	1.87731120E+02
2.39746000E+12	7.81553100E+01	1.88114250E+02
2.40234000E+12	7.83144900E+01	1.88497370E+02
2.40723000E+12	7.84736600E+01	1.88880500E+02
2.41211000E+12	8.30013300E+01	1.89387750E+02
2.41699000E+12	8.31693500E+01	1.89771120E+02
2.42188000E+12	8.33373700E+01	1.90154500E+02
2.42676000E+12	8.35053900E+01	1.90537880E+02
2.43164000E+12	8.36734100E+01	1.90921250E+02
2.43652000E+12	7.51157700E+01	1.87237570E+02
2.44141000E+12	7.52663000E+01	1.87612800E+02
2.44629000E+12	7.54168300E+01	1.87988020E+02
2.45117000E+12	7.55673700E+01	1.88363250E+02
2.45605000E+12	7.57179000E+01	1.88738470E+02
2.46094000E+12	7.58684300E+01	1.89113700E+02
2.46582000E+12	7.60189600E+01	1.89488930E+02
2.47070000E+12	8.06500500E+01	1.89984420E+02
2.47559000E+12	8.08094400E+01	1.90359880E+02
2.48047000E+12	8.09688300E+01	1.90735350E+02
2.48535000E+12	8.11282200E+01	1.91110810E+02
2.49023000E+12	8.12876000E+01	1.91486270E+02
2.49512000E+12	8.14469900E+01	1.91861740E+02
2.50000000E+12	8.16063800E+01	1.92237200E+02
2.50488000E+12	7.72232200E+01	1.92490730E+02
2.50977000E+12	7.73737600E+01	1.92865960E+02
2.51465000E+12	NaN	1.93241180E+02
2.51953000E+12	NaN	1.93616410E+02
2.52441000E+12	NaN	1.89909530E+02
2.52930000E+12	NaN	1.90167810E+02
2.53418000E+12	NaN	1.90534930E+02
2.53906000E+12	NaN	1.90902050E+02
2.54395000E+12	NaN	1.91269170E+02
2.54883000E+12	NaN	1.91746180E+02
2.55371000E+12	NaN	1.92230720E+02
2.55859000E+12	NaN	1.92598280E+02
2.56348000E+12	NaN	1.92848170E+02
2.56836000E+12	NaN	1.93215500E+02
2.57324000E+12	NaN	1.89423570E+02
2.57813000E+12	NaN	1.89783010E+02
2.58301000E+12	NaN	1.90142450E+02
2.58789000E+12	NaN	1.90501880E+02
2.59277000E+12	NaN	1.90973110E+02
2.59766000E+12	NaN	1.91332760E+02
2.60254000E+12	NaN	1.91692400E+02
2.60742000E+12	NaN	1.92052050E+02
2.61230000E+12	NaN	1.92411700E+02
2.61719000E+12	NaN	1.88430040E+02
2.62207000E+12	NaN	1.88781590E+02
2.62695000E+12	NaN	1.89133130E+02
2.63184000E+12	NaN	1.89484680E+02
2.63672000E+12	NaN	1.89942580E+02
2.64160000E+12	NaN	1.90294320E+02
2.64648000E+12	NaN	1.90646070E+02
2.65137000E+12	NaN	1.86609030E+02
2.65625000E+12	NaN	1.86952690E+02
2.66113000E+12	NaN	1.87203830E+02
2.66602000E+12	NaN	1.87547320E+02
2.67090000E+12	NaN	1.88083980E+02
2.67578000E+12	NaN	1.88427830E+02
2.68066000E+12	NaN	1.88771670E+02
2.68555000E+12	NaN	1.89115520E+02
2.69043000E+12	NaN	1.85015280E+02
2.69531000E+12	NaN	1.85351060E+02
2.70020000E+12	NaN	1.85686840E+02
2.70508000E+12	NaN	1.86022620E+02
2.70996000E+12	NaN	1.86358400E+02
2.71484000E+12	NaN	1.86694180E+02
2.71973000E+12	NaN	1.87029960E+02
2.72461000E+12	NaN	1.87365740E+02
2.72949000E+12	NaN	1.87701520E+02
2.73438000E+12	NaN	1.88037300E+02
2.73926000E+12	NaN	1.88373080E+02
2.74414000E+12	NaN	1.88708870E+02
2.74902000E+12	NaN	1.89044650E+02
2.75391000E+12	NaN	1.89380430E+02
2.75879000E+12	NaN	1.89716210E+02
2.76367000E+12	NaN	1.94617060E+02
2.76855000E+12	NaN	1.94960910E+02
2.77344000E+12	NaN	1.95304750E+02
2.77832000E+12	NaN	1.95648600E+02
2.78320000E+12	NaN	1.95992450E+02
2.78809000E+12	NaN	1.96336290E+02
2.79297000E+12	NaN	1.96680140E+02
2.79785000E+12	NaN	1.97023990E+02
2.80273000E+12	NaN	1.97367830E+02
2.80762000E+12	NaN	1.97606250E+02
2.81250000E+12	NaN	1.97949910E+02
2.81738000E+12	NaN	1.98293570E+02
2.82227000E+12	NaN	1.98637240E+02
2.82715000E+12	NaN	1.98980900E+02
2.83203000E+12	NaN	1.94662330E+02
2.83691000E+12	NaN	1.94997950E+02
2.84180000E+12	NaN	1.95333580E+02
2.84668000E+12	NaN	1.95669200E+02
2.85156000E+12	NaN	1.96096050E+02
2.85645000E+12	NaN	1.96431830E+02
2.86133000E+12	NaN	1.96767610E+02
2.86621000E+12	NaN	1.92394860E+02
2.87109000E+12	NaN	1.92722620E+02
2.87598000E+12	NaN	1.93050380E+02
2.88086000E+12	NaN	1.93462280E+02
2.88574000E+12	NaN	1.93882490E+02
2.89063000E+12	NaN	1.94118080E+02
2.89551000E+12	NaN	1.94445980E+02
2.90039000E+12	NaN	1.94773890E+02
2.90527000E+12	NaN	1.95194720E+02
2.91016000E+12	NaN	1.95522780E+02
2.91504000E+12	NaN	1.91056020E+02
2.91992000E+12	NaN	1.91376040E+02
2.92480000E+12	NaN	1.91696070E+02
2.92969000E+12	NaN	1.92016100E+02
2.93457000E+12	NaN	1.92336120E+02
2.93945000E+12	NaN	1.92656150E+02
2.94434000E+12	NaN	1.92976180E+02
2.94922000E+12	NaN	1.93296200E+02
2.95410000E+12	NaN	1.93538170E+02
2.95898000E+12	NaN	1.93858070E+02
2.96387000E+12	NaN	1.94177960E+02
2.96875000E+12	NaN	1.94663020E+02
2.97363000E+12	NaN	1.94896340E+02
2.97852000E+12	NaN	1.95216360E+02
2.98340000E+12	NaN	1.95536390E+02
2.98828000E+12	NaN	1.95856420E+02
2.99316000E+12	NaN	1.91280180E+02
2.99805000E+12	NaN	1.91592220E+02
3.00293000E+12	NaN	1.91975260E+02
